frequence	locus_uid	site_uid	nom_allele	symbole_allele	nom_site	nom_locus	symbole_locus	role_locus	nom_chromosome	position_bande	pop_uid	echantillon_uid	taille_echantillon	nom_echantillon	nom_population	nom_region	langue_primaire	langue_secondaire
"0.039"	"LO000168P"	"SI000134I"	"9"	"9"	"5' (GAAA)SUBn/SUB tetranucleotide STRP"	"Dopamine Receptor D2"	"DRD2"	"receptor"	"11"	"11q23"	"PO000020C"	"SA000052H"	"108"	"Mixed Europeans, unrelated"	"Europeans, Mixed"	"Europe"	"French"	"English"
"0.176"	"LO000168P"	"SI000134I"	"12"	"12"	"5' (GAAA)SUBn/SUB tetranucleotide STRP"	"Dopamine Receptor D2"	"DRD2"	"receptor"	"11"	"11q23"	"PO000020C"	"SA000052H"	"108"	"Mixed Europeans, unrelated"	"Europeans, Mixed"	"Europe"	"French"	"English"
"0.108"	"LO000168P"	"SI000134I"	"8"	"8"	"5' (GAAA)SUBn/SUB tetranucleotide STRP"	"Dopamine Receptor D2"	"DRD2"	"receptor"	"11"	"11q23"	"PO000020C"	"SA000052H"	"108"	"Mixed Europeans, unrelated"	"Europeans, Mixed"	"Europe"	"French"	"English"
"0.01"	"LO000168P"	"SI000134I"	"18"	"18"	"5' (GAAA)SUBn/SUB tetranucleotide STRP"	"Dopamine Receptor D2"	"DRD2"	"receptor"	"11"	"11q23"	"PO000020C"	"SA000052H"	"108"	"Mixed Europeans, unrelated"	"Europeans, Mixed"	"Europe"	"French"	"English"
"0.196"	"LO000168P"	"SI000134I"	"11"	"11"	"5' (GAAA)SUBn/SUB tetranucleotide STRP"	"Dopamine Receptor D2"	"DRD2"	"receptor"	"11"	"11q23"	"PO000020C"	"SA000052H"	"108"	"Mixed Europeans, unrelated"	"Europeans, Mixed"	"Europe"	"French"	"English"
"0.275"	"LO000168P"	"SI000134I"	"10"	"10"	"5' (GAAA)SUBn/SUB tetranucleotide STRP"	"Dopamine Receptor D2"	"DRD2"	"receptor"	"11"	"11q23"	"PO000020C"	"SA000052H"	"108"	"Mixed Europeans, unrelated"	"Europeans, Mixed"	"Europe"	"French"	"English"
"0.029"	"LO000168P"	"SI000134I"	"14"	"14"	"5' (GAAA)SUBn/SUB tetranucleotide STRP"	"Dopamine Receptor D2"	"DRD2"	"receptor"	"11"	"11q23"	"PO000020C"	"SA000052H"	"108"	"Mixed Europeans, unrelated"	"Europeans, Mixed"	"Europe"	"French"	"English"
"0.147"	"LO000168P"	"SI000134I"	"13"	"13"	"5' (GAAA)SUBn/SUB tetranucleotide STRP"	"Dopamine Receptor D2"	"DRD2"	"receptor"	"11"	"11q23"	"PO000020C"	"SA000052H"	"108"	"Mixed Europeans, unrelated"	"Europeans, Mixed"	"Europe"	"French"	"English"
"0.02"	"LO000168P"	"SI000134I"	"15"	"15"	"5' (GAAA)SUBn/SUB tetranucleotide STRP"	"Dopamine Receptor D2"	"DRD2"	"receptor"	"11"	"11q23"	"PO000020C"	"SA000052H"	"108"	"Mixed Europeans, unrelated"	"Europeans, Mixed"	"Europe"	"French"	"English"
"0.993"	"LO000168P"	"SI000137L"	"EcoRI Site Absent"	"1=C"	"EcoRI"	"Dopamine Receptor D2"	"DRD2"	"receptor"	"11"	"11q23"	"PO000008I"	"SA000047L"	"212"	"Druze, unrelated"	"Druze"	"Europe"	"Arabic"	
"0.99"	"LO000168P"	"SI000137L"	"EcoRI Site Absent"	"1=C"	"EcoRI"	"Dopamine Receptor D2"	"DRD2"	"receptor"	"11"	"11q23"	"PO000008I"	"SA000008I"	"212"	"Druze, Israel"	"Druze"	"Europe"	"Arabic"	
"0.095"	"LO000168P"	"SI000137L"	"EcoRI Site Present"	"2=A"	"EcoRI"	"Dopamine Receptor D2"	"DRD2"	"receptor"	"11"	"11q23"	"PO000005F"	"SA000005F"	"140"	"Biaka Pygmies"	"Biaka"	"Africa"	"yaka"	"French"
"0.905"	"LO000168P"	"SI000137L"	"EcoRI Site Absent"	"1=C"	"EcoRI"	"Dopamine Receptor D2"	"DRD2"	"receptor"	"11"	"11q23"	"PO000005F"	"SA000005F"	"140"	"Biaka Pygmies"	"Biaka"	"Africa"	"yaka"	"French"
"0.007"	"LO000168P"	"SI000137L"	"EcoRI Site Present"	"2=A"	"EcoRI"	"Dopamine Receptor D2"	"DRD2"	"receptor"	"11"	"11q23"	"PO000008I"	"SA000047L"	"212"	"Druze, unrelated"	"Druze"	"Europe"	"Arabic"	
"0.01"	"LO000168P"	"SI000137L"	"EcoRI Site Present"	"2=A"	"EcoRI"	"Dopamine Receptor D2"	"DRD2"	"receptor"	"11"	"11q23"	"PO000008I"	"SA000008I"	"212"	"Druze, Israel"	"Druze"	"Europe"	"Arabic"	
"0.13"	"LO000168P"	"SI000138M"	"Codon 311 Cys"	"C"	"exon 7 Ser311Cys"	"Dopamine Receptor D2"	"DRD2"	"receptor"	"11"	"11q23"	"PO000033G"	"SA000025H"	"104"	"Arizona Pima"	"Pima, Arizona"	"NorthAmerica"	"O'odham"	
"0.87"	"LO000168P"	"SI000138M"	"Codon 311 Ser"	"S"	"exon 7 Ser311Cys"	"Dopamine Receptor D2"	"DRD2"	"receptor"	"11"	"11q23"	"PO000033G"	"SA000025H"	"104"	"Arizona Pima"	"Pima, Arizona"	"NorthAmerica"	"O'odham"	
"0.035"	"LO000171J"	"SI000182L"	"--+"	"--+"	"3-site haplotype (Alu, HinfI, TaqI)"	"Dystrophia myotonica-protein kinase"	"DMPK"	"kinase"	"19"	"19q13.3"	"PO000041F"	"SA000070H"	"408"	"South African, Random"	"Bantu speakers"	"Africa"	"Bantu"	"French"
"0.014"	"LO000171J"	"SI000182L"	"-++"	"-++"	"3-site haplotype (Alu, HinfI, TaqI)"	"Dystrophia myotonica-protein kinase"	"DMPK"	"kinase"	"19"	"19q13.3"	"PO000041F"	"SA000070H"	"408"	"South African, Random"	"Bantu speakers"	"Africa"	"Bantu"	"French"
"0.088"	"LO000171J"	"SI000182L"	"+--"	"+--"	"3-site haplotype (Alu, HinfI, TaqI)"	"Dystrophia myotonica-protein kinase"	"DMPK"	"kinase"	"19"	"19q13.3"	"PO000041F"	"SA000070H"	"408"	"South African, Random"	"Bantu speakers"	"Africa"	"Bantu"	"French"
"0.057"	"LO000171J"	"SI000182L"	"+-+"	"+-+"	"3-site haplotype (Alu, HinfI, TaqI)"	"Dystrophia myotonica-protein kinase"	"DMPK"	"kinase"	"19"	"19q13.3"	"PO000041F"	"SA000070H"	"408"	"South African, Random"	"Bantu speakers"	"Africa"	"Bantu"	"French"
"0.004"	"LO000171J"	"SI000182L"	"++-"	"++-"	"3-site haplotype (Alu, HinfI, TaqI)"	"Dystrophia myotonica-protein kinase"	"DMPK"	"kinase"	"19"	"19q13.3"	"PO000041F"	"SA000070H"	"408"	"South African, Random"	"Bantu speakers"	"Africa"	"Bantu"	"French"
"0.562"	"LO000171J"	"SI000182L"	"+++"	"+++"	"3-site haplotype (Alu, HinfI, TaqI)"	"Dystrophia myotonica-protein kinase"	"DMPK"	"kinase"	"19"	"19q13.3"	"PO000041F"	"SA000070H"	"408"	"South African, Random"	"Bantu speakers"	"Africa"	"Bantu"	"French"
"0.219"	"LO000171J"	"SI000182L"	"---"	"---"	"3-site haplotype (Alu, HinfI, TaqI)"	"Dystrophia myotonica-protein kinase"	"DMPK"	"kinase"	"19"	"19q13.3"	"PO000041F"	"SA000070H"	"408"	"South African, Random"	"Bantu speakers"	"Africa"	"Bantu"	"French"
"0.021"	"LO000171J"	"SI000182L"	"-+-"	"-+-"	"3-site haplotype (Alu, HinfI, TaqI)"	"Dystrophia myotonica-protein kinase"	"DMPK"	"kinase"	"19"	"19q13.3"	"PO000041F"	"SA000070H"	"408"	"South African, Random"	"Bantu speakers"	"Africa"	"Bantu"	"French"
"0.135"	"LO000199T"	"SI000245L"	"22"	"22"	"2-site haplotype (XbaI, EcoRI)"	"Apolipoprotein B (including Ag(x) antigen)"	"APOB"	"ligand,receptor"	"2"	"2p24-p23"	"PO000023F"	"SA000023F"	"112"	"Cheyenne, Southern"	"Cheyenne"	"NorthAmerica"	"Cheyenne"	
"0.749"	"LO000199T"	"SI000245L"	"12"	"12"	"2-site haplotype (XbaI, EcoRI)"	"Apolipoprotein B (including Ag(x) antigen)"	"APOB"	"ligand,receptor"	"2"	"2p24-p23"	"PO000023F"	"SA000023F"	"112"	"Cheyenne, Southern"	"Cheyenne"	"NorthAmerica"	"Cheyenne"	
"0.008"	"LO000199T"	"SI000245L"	"21"	"21"	"2-site haplotype (XbaI, EcoRI)"	"Apolipoprotein B (including Ag(x) antigen)"	"APOB"	"ligand,receptor"	"2"	"2p24-p23"	"PO000023F"	"SA000023F"	"112"	"Cheyenne, Southern"	"Cheyenne"	"NorthAmerica"	"Cheyenne"	
"0.132"	"LO000199T"	"SI000245L"	"11"	"11"	"2-site haplotype (XbaI, EcoRI)"	"Apolipoprotein B (including Ag(x) antigen)"	"APOB"	"ligand,receptor"	"2"	"2p24-p23"	"PO000097Q"	"SA000100B"	"78"	"Hausa"	"Hausa"	"Africa"	"Hausa"	
"0.085"	"LO000199T"	"SI000245L"	"22"	"22"	"2-site haplotype (XbaI, EcoRI)"	"Apolipoprotein B (including Ag(x) antigen)"	"APOB"	"ligand,receptor"	"2"	"2p24-p23"	"PO000022E"	"SA000022E"	"52"	"Cambodian Americans"	"Cambodians, Khmer"	"EastAsia"	"Khmer"	
"0.015"	"LO000199T"	"SI000245L"	"21"	"21"	"2-site haplotype (XbaI, EcoRI)"	"Apolipoprotein B (including Ag(x) antigen)"	"APOB"	"ligand,receptor"	"2"	"2p24-p23"	"PO000022E"	"SA000022E"	"52"	"Cambodian Americans"	"Cambodians, Khmer"	"EastAsia"	"Khmer"	
"0.85"	"LO000199T"	"SI000245L"	"12"	"12"	"2-site haplotype (XbaI, EcoRI)"	"Apolipoprotein B (including Ag(x) antigen)"	"APOB"	"ligand,receptor"	"2"	"2p24-p23"	"PO000022E"	"SA000022E"	"52"	"Cambodian Americans"	"Cambodians, Khmer"	"EastAsia"	"Khmer"	
"0.05"	"LO000199T"	"SI000245L"	"11"	"11"	"2-site haplotype (XbaI, EcoRI)"	"Apolipoprotein B (including Ag(x) antigen)"	"APOB"	"ligand,receptor"	"2"	"2p24-p23"	"PO000022E"	"SA000022E"	"52"	"Cambodian Americans"	"Cambodians, Khmer"	"EastAsia"	"Khmer"	
"0.239"	"LO000199T"	"SI000245L"	"22"	"22"	"2-site haplotype (XbaI, EcoRI)"	"Apolipoprotein B (including Ag(x) antigen)"	"APOB"	"ligand,receptor"	"2"	"2p24-p23"	"PO000097Q"	"SA000100B"	"78"	"Hausa"	"Hausa"	"Africa"	"Hausa"	
"0.017"	"LO000199T"	"SI000245L"	"21"	"21"	"2-site haplotype (XbaI, EcoRI)"	"Apolipoprotein B (including Ag(x) antigen)"	"APOB"	"ligand,receptor"	"2"	"2p24-p23"	"PO000097Q"	"SA000100B"	"78"	"Hausa"	"Hausa"	"Africa"	"Hausa"	
"0.612"	"LO000199T"	"SI000245L"	"12"	"12"	"2-site haplotype (XbaI, EcoRI)"	"Apolipoprotein B (including Ag(x) antigen)"	"APOB"	"ligand,receptor"	"2"	"2p24-p23"	"PO000097Q"	"SA000100B"	"78"	"Hausa"	"Hausa"	"Africa"	"Hausa"	
"0.108"	"LO000199T"	"SI000245L"	"11"	"11"	"2-site haplotype (XbaI, EcoRI)"	"Apolipoprotein B (including Ag(x) antigen)"	"APOB"	"ligand,receptor"	"2"	"2p24-p23"	"PO000023F"	"SA000023F"	"112"	"Cheyenne, Southern"	"Cheyenne"	"NorthAmerica"	"Cheyenne"	
"0.84"	"LO000204G"	"SI000171J"	"C"	"C"	"C/T -148 (HindIII)"	"Fibrinogen beta chain"	"FGB"	"blood coagulation"	"4"	"4q28.1-q28.3"	"PO000020C"	"SA000091K"	"60"	"Caucasian"	"Europeans, Mixed"	"Europe"	"French"	"English"
"0.84"	"LO000204G"	"SI000171J"	"C"	"C"	"C/T -148 (HindIII)"	"Fibrinogen beta chain"	"FGB"	"blood coagulation"	"4"	"4q28.1-q28.3"	"PO000090J"	"SA000090J"	"100"	"Na-Dene, Nadleh Whuten Band"	"Na-Dene"	"NorthAmerica"	"Carrier"	
"0.16"	"LO000204G"	"SI000171J"	"T"	"T"	"C/T -148 (HindIII)"	"Fibrinogen beta chain"	"FGB"	"blood coagulation"	"4"	"4q28.1-q28.3"	"PO000090J"	"SA000090J"	"100"	"Na-Dene, Nadleh Whuten Band"	"Na-Dene"	"NorthAmerica"	"Carrier"	
"0.16"	"LO000204G"	"SI000171J"	"T"	"T"	"C/T -148 (HindIII)"	"Fibrinogen beta chain"	"FGB"	"blood coagulation"	"4"	"4q28.1-q28.3"	"PO000020C"	"SA000091K"	"60"	"Caucasian"	"Europeans, Mixed"	"Europe"	"French"	"English"
"0.02"	"LO000204G"	"SI000171J"	"T"	"T"	"C/T -148 (HindIII)"	"Fibrinogen beta chain"	"FGB"	"blood coagulation"	"4"	"4q28.1-q28.3"	"PO000069P"	"SA000103E"	"208"	"Peruvian Quechua"	"Quechua"	"SouthAmerica"	"Quechua, cuzco"	
"0.98"	"LO000204G"	"SI000171J"	"C"	"C"	"C/T -148 (HindIII)"	"Fibrinogen beta chain"	"FGB"	"blood coagulation"	"4"	"4q28.1-q28.3"	"PO000069P"	"SA000103E"	"208"	"Peruvian Quechua"	"Quechua"	"SouthAmerica"	"Quechua, cuzco"	
"0.85"	"LO000204G"	"SI000172K"	"G"	"G"	"G/A +448 (MnlI)"	"Fibrinogen beta chain"	"FGB"	"blood coagulation"	"4"	"4q28.1-q28.3"	"PO000020C"	"SA000091K"	"60"	"Caucasian"	"Europeans, Mixed"	"Europe"	"French"	"English"
"0.84"	"LO000204G"	"SI000172K"	"G"	"G"	"G/A +448 (MnlI)"	"Fibrinogen beta chain"	"FGB"	"blood coagulation"	"4"	"4q28.1-q28.3"	"PO000090J"	"SA000090J"	"100"	"Na-Dene, Nadleh Whuten Band"	"Na-Dene"	"NorthAmerica"	"Carrier"	
"0.16"	"LO000204G"	"SI000172K"	"A"	"A"	"G/A +448 (MnlI)"	"Fibrinogen beta chain"	"FGB"	"blood coagulation"	"4"	"4q28.1-q28.3"	"PO000090J"	"SA000090J"	"100"	"Na-Dene, Nadleh Whuten Band"	"Na-Dene"	"NorthAmerica"	"Carrier"	
"0.02"	"LO000204G"	"SI000172K"	"A"	"A"	"G/A +448 (MnlI)"	"Fibrinogen beta chain"	"FGB"	"blood coagulation"	"4"	"4q28.1-q28.3"	"PO000069P"	"SA000103E"	"208"	"Peruvian Quechua"	"Quechua"	"SouthAmerica"	"Quechua, cuzco"	
"0.98"	"LO000204G"	"SI000172K"	"G"	"G"	"G/A +448 (MnlI)"	"Fibrinogen beta chain"	"FGB"	"blood coagulation"	"4"	"4q28.1-q28.3"	"PO000069P"	"SA000103E"	"208"	"Peruvian Quechua"	"Quechua"	"SouthAmerica"	"Quechua, cuzco"	
"0.15"	"LO000204G"	"SI000172K"	"A"	"A"	"G/A +448 (MnlI)"	"Fibrinogen beta chain"	"FGB"	"blood coagulation"	"4"	"4q28.1-q28.3"	"PO000020C"	"SA000091K"	"60"	"Caucasian"	"Europeans, Mixed"	"Europe"	"French"	"English"
"0.38"	"LO000205H"	"SI000364N"	"1"	"1"	"SNP1-ACE"	"Angiotensin I converting enzyme (peptidyl-dipeptidase A) 1"	"ACE"	"catalysor,deactivator"	"17"	"17q23"	"PO000010B"	"SA000197R"	"156"	"Japanese American, Southern California"	"Japanese"	"EastAsia"	"Japanese"	
"0.62"	"LO000205H"	"SI000364N"	"2"	"2"	"SNP1-ACE"	"Angiotensin I converting enzyme (peptidyl-dipeptidase A) 1"	"ACE"	"catalysor,deactivator"	"17"	"17q23"	"PO000010B"	"SA000197R"	"156"	"Japanese American, Southern California"	"Japanese"	"EastAsia"	"Japanese"	
"0.18"	"LO000206I"	"SI000176O"	"A"	"A"	"G/A +252"	"Adrenergic, beta-2-, receptor, surface"	"ADRB2"	"receptor,neurotransmitter"	"5"	"5q31-q32"	"PO000090J"	"SA000090J"	"100"	"Na-Dene, Nadleh Whuten Band"	"Na-Dene"	"NorthAmerica"	"Carrier"	
"0.4"	"LO000206I"	"SI000176O"	"G"	"G"	"G/A +252"	"Adrenergic, beta-2-, receptor, surface"	"ADRB2"	"receptor,neurotransmitter"	"5"	"5q31-q32"	"PO000069P"	"SA000103E"	"208"	"Peruvian Quechua"	"Quechua"	"SouthAmerica"	"Quechua, cuzco"	
"0.13"	"LO000206I"	"SI000176O"	"A"	"A"	"G/A +252"	"Adrenergic, beta-2-, receptor, surface"	"ADRB2"	"receptor,neurotransmitter"	"5"	"5q31-q32"	"PO000020C"	"SA000091K"	"60"	"Caucasian"	"Europeans, Mixed"	"Europe"	"French"	"English"
"0.87"	"LO000206I"	"SI000176O"	"G"	"G"	"G/A +252"	"Adrenergic, beta-2-, receptor, surface"	"ADRB2"	"receptor,neurotransmitter"	"5"	"5q31-q32"	"PO000020C"	"SA000091K"	"60"	"Caucasian"	"Europeans, Mixed"	"Europe"	"French"	"English"
"0.6"	"LO000206I"	"SI000176O"	"A"	"A"	"G/A +252"	"Adrenergic, beta-2-, receptor, surface"	"ADRB2"	"receptor,neurotransmitter"	"5"	"5q31-q32"	"PO000069P"	"SA000103E"	"208"	"Peruvian Quechua"	"Quechua"	"SouthAmerica"	"Quechua, cuzco"	
"0.82"	"LO000206I"	"SI000176O"	"G"	"G"	"G/A +252"	"Adrenergic, beta-2-, receptor, surface"	"ADRB2"	"receptor,neurotransmitter"	"5"	"5q31-q32"	"PO000090J"	"SA000090J"	"100"	"Na-Dene, Nadleh Whuten Band"	"Na-Dene"	"NorthAmerica"	"Carrier"	
"0.99"	"LO000206I"	"SI000177P"	"C"	"C"	"C/T +491"	"Adrenergic, beta-2-, receptor, surface"	"ADRB2"	"receptor,neurotransmitter"	"5"	"5q31-q32"	"PO000090J"	"SA000090J"	"100"	"Na-Dene, Nadleh Whuten Band"	"Na-Dene"	"NorthAmerica"	"Carrier"	
"0.98"	"LO000206I"	"SI000177P"	"C"	"C"	"C/T +491"	"Adrenergic, beta-2-, receptor, surface"	"ADRB2"	"receptor,neurotransmitter"	"5"	"5q31-q32"	"PO000020C"	"SA000091K"	"60"	"Caucasian"	"Europeans, Mixed"	"Europe"	"French"	"English"
"0.01"	"LO000206I"	"SI000177P"	"T"	"T"	"C/T +491"	"Adrenergic, beta-2-, receptor, surface"	"ADRB2"	"receptor,neurotransmitter"	"5"	"5q31-q32"	"PO000090J"	"SA000090J"	"100"	"Na-Dene, Nadleh Whuten Band"	"Na-Dene"	"NorthAmerica"	"Carrier"	
"0.02"	"LO000206I"	"SI000177P"	"T"	"T"	"C/T +491"	"Adrenergic, beta-2-, receptor, surface"	"ADRB2"	"receptor,neurotransmitter"	"5"	"5q31-q32"	"PO000020C"	"SA000091K"	"60"	"Caucasian"	"Europeans, Mixed"	"Europe"	"French"	"English"
"0.83"	"LO000206I"	"SI000178Q"	"C"	"C"	"C/A +523"	"Adrenergic, beta-2-, receptor, surface"	"ADRB2"	"receptor,neurotransmitter"	"5"	"5q31-q32"	"PO000090J"	"SA000090J"	"100"	"Na-Dene, Nadleh Whuten Band"	"Na-Dene"	"NorthAmerica"	"Carrier"	
"0.6"	"LO000206I"	"SI000178Q"	"A"	"A"	"C/A +523"	"Adrenergic, beta-2-, receptor, surface"	"ADRB2"	"receptor,neurotransmitter"	"5"	"5q31-q32"	"PO000069P"	"SA000103E"	"208"	"Peruvian Quechua"	"Quechua"	"SouthAmerica"	"Quechua, cuzco"	
"0.4"	"LO000206I"	"SI000178Q"	"C"	"C"	"C/A +523"	"Adrenergic, beta-2-, receptor, surface"	"ADRB2"	"receptor,neurotransmitter"	"5"	"5q31-q32"	"PO000069P"	"SA000103E"	"208"	"Peruvian Quechua"	"Quechua"	"SouthAmerica"	"Quechua, cuzco"	
"0.17"	"LO000206I"	"SI000178Q"	"A"	"A"	"C/A +523"	"Adrenergic, beta-2-, receptor, surface"	"ADRB2"	"receptor,neurotransmitter"	"5"	"5q31-q32"	"PO000090J"	"SA000090J"	"100"	"Na-Dene, Nadleh Whuten Band"	"Na-Dene"	"NorthAmerica"	"Carrier"	
"0.88"	"LO000206I"	"SI000178Q"	"C"	"C"	"C/A +523"	"Adrenergic, beta-2-, receptor, surface"	"ADRB2"	"receptor,neurotransmitter"	"5"	"5q31-q32"	"PO000020C"	"SA000091K"	"60"	"Caucasian"	"Europeans, Mixed"	"Europe"	"French"	"English"
"0.12"	"LO000206I"	"SI000178Q"	"A"	"A"	"C/A +523"	"Adrenergic, beta-2-, receptor, surface"	"ADRB2"	"receptor,neurotransmitter"	"5"	"5q31-q32"	"PO000020C"	"SA000091K"	"60"	"Caucasian"	"Europeans, Mixed"	"Europe"	"French"	"English"
"0.54"	"LO000206I"	"SI000366P"	"1"	"1"	"SNP3-ADRB2"	"Adrenergic, beta-2-, receptor, surface"	"ADRB2"	"receptor,neurotransmitter"	"5"	"5q31-q32"	"PO000010B"	"SA000197R"	"156"	"Japanese American, Southern California"	"Japanese"	"EastAsia"	"Japanese"	
"0.46"	"LO000206I"	"SI000366P"	"2"	"2"	"SNP3-ADRB2"	"Adrenergic, beta-2-, receptor, surface"	"ADRB2"	"receptor,neurotransmitter"	"5"	"5q31-q32"	"PO000010B"	"SA000197R"	"156"	"Japanese American, Southern California"	"Japanese"	"EastAsia"	"Japanese"	
"0.054"	"LO000209L"	"SI000246M"	"4++"	"4++"	"3-site haplotype (HindIII, HincII, TaqI)"	"Nerve growth factor receptor (TNFR superfamily, member 16)"	"NGFR"	"growth factor"	"17"	"17q21-q22"	"PO000017I"	"SA000017I"	"108"	"Adygei"	"Adygei"	"Europe"	"Adyghe"	
"0.073"	"LO000209L"	"SI000246M"	"4+-"	"4+-"	"3-site haplotype (HindIII, HincII, TaqI)"	"Nerve growth factor receptor (TNFR superfamily, member 16)"	"NGFR"	"growth factor"	"17"	"17q21-q22"	"PO000017I"	"SA000017I"	"108"	"Adygei"	"Adygei"	"Europe"	"Adyghe"	
"0.187"	"LO000209L"	"SI000246M"	"4-+"	"4-+"	"3-site haplotype (HindIII, HincII, TaqI)"	"Nerve growth factor receptor (TNFR superfamily, member 16)"	"NGFR"	"growth factor"	"17"	"17q21-q22"	"PO000017I"	"SA000017I"	"108"	"Adygei"	"Adygei"	"Europe"	"Adyghe"	
"0.168"	"LO000209L"	"SI000246M"	"4--"	"4--"	"3-site haplotype (HindIII, HincII, TaqI)"	"Nerve growth factor receptor (TNFR superfamily, member 16)"	"NGFR"	"growth factor"	"17"	"17q21-q22"	"PO000017I"	"SA000017I"	"108"	"Adygei"	"Adygei"	"Europe"	"Adyghe"	
"0.057"	"LO000209L"	"SI000246M"	"4++"	"4++"	"3-site haplotype (HindIII, HincII, TaqI)"	"Nerve growth factor receptor (TNFR superfamily, member 16)"	"NGFR"	"growth factor"	"17"	"17q21-q22"	"PO000005F"	"SA000005F"	"140"	"Biaka Pygmies"	"Biaka"	"Africa"	"yaka"	"French"
"0.061"	"LO000209L"	"SI000246M"	"4+-"	"4+-"	"3-site haplotype (HindIII, HincII, TaqI)"	"Nerve growth factor receptor (TNFR superfamily, member 16)"	"NGFR"	"growth factor"	"17"	"17q21-q22"	"PO000005F"	"SA000005F"	"140"	"Biaka Pygmies"	"Biaka"	"Africa"	"yaka"	"French"
"0.028"	"LO000209L"	"SI000246M"	"4-+"	"4-+"	"3-site haplotype (HindIII, HincII, TaqI)"	"Nerve growth factor receptor (TNFR superfamily, member 16)"	"NGFR"	"growth factor"	"17"	"17q21-q22"	"PO000005F"	"SA000005F"	"140"	"Biaka Pygmies"	"Biaka"	"Africa"	"yaka"	"French"
"0.09"	"LO000209L"	"SI000246M"	"4--"	"4--"	"3-site haplotype (HindIII, HincII, TaqI)"	"Nerve growth factor receptor (TNFR superfamily, member 16)"	"NGFR"	"growth factor"	"17"	"17q21-q22"	"PO000005F"	"SA000005F"	"140"	"Biaka Pygmies"	"Biaka"	"Africa"	"yaka"	"French"
"0.142"	"LO000209L"	"SI000246M"	"3++"	"3++"	"3-site haplotype (HindIII, HincII, TaqI)"	"Nerve growth factor receptor (TNFR superfamily, member 16)"	"NGFR"	"growth factor"	"17"	"17q21-q22"	"PO000005F"	"SA000005F"	"140"	"Biaka Pygmies"	"Biaka"	"Africa"	"yaka"	"French"
"0.168"	"LO000209L"	"SI000246M"	"3+-"	"3+-"	"3-site haplotype (HindIII, HincII, TaqI)"	"Nerve growth factor receptor (TNFR superfamily, member 16)"	"NGFR"	"growth factor"	"17"	"17q21-q22"	"PO000005F"	"SA000005F"	"140"	"Biaka Pygmies"	"Biaka"	"Africa"	"yaka"	"French"
"0.087"	"LO000209L"	"SI000246M"	"3-+"	"3-+"	"3-site haplotype (HindIII, HincII, TaqI)"	"Nerve growth factor receptor (TNFR superfamily, member 16)"	"NGFR"	"growth factor"	"17"	"17q21-q22"	"PO000005F"	"SA000005F"	"140"	"Biaka Pygmies"	"Biaka"	"Africa"	"yaka"	"French"
"0.367"	"LO000209L"	"SI000246M"	"3--"	"3--"	"3-site haplotype (HindIII, HincII, TaqI)"	"Nerve growth factor receptor (TNFR superfamily, member 16)"	"NGFR"	"growth factor"	"17"	"17q21-q22"	"PO000005F"	"SA000005F"	"140"	"Biaka Pygmies"	"Biaka"	"Africa"	"yaka"	"French"
"0.021"	"LO000209L"	"SI000246M"	"3++"	"3++"	"3-site haplotype (HindIII, HincII, TaqI)"	"Nerve growth factor receptor (TNFR superfamily, member 16)"	"NGFR"	"growth factor"	"17"	"17q21-q22"	"PO000017I"	"SA000017I"	"108"	"Adygei"	"Adygei"	"Europe"	"Adyghe"	
"0.213"	"LO000209L"	"SI000246M"	"3--"	"3--"	"3-site haplotype (HindIII, HincII, TaqI)"	"Nerve growth factor receptor (TNFR superfamily, member 16)"	"NGFR"	"growth factor"	"17"	"17q21-q22"	"PO000017I"	"SA000017I"	"108"	"Adygei"	"Adygei"	"Europe"	"Adyghe"	
"0.154"	"LO000209L"	"SI000246M"	"3--"	"3--"	"3-site haplotype (HindIII, HincII, TaqI)"	"Nerve growth factor receptor (TNFR superfamily, member 16)"	"NGFR"	"growth factor"	"17"	"17q21-q22"	"PO000020C"	"SA000020C"	"190"	"Mixed Europeans, Unrelated"	"Europeans, Mixed"	"Europe"	"French"	"English"
"0.23"	"LO000209L"	"SI000246M"	"3-+"	"3-+"	"3-site haplotype (HindIII, HincII, TaqI)"	"Nerve growth factor receptor (TNFR superfamily, member 16)"	"NGFR"	"growth factor"	"17"	"17q21-q22"	"PO000020C"	"SA000020C"	"190"	"Mixed Europeans, Unrelated"	"Europeans, Mixed"	"Europe"	"French"	"English"
"0.069"	"LO000209L"	"SI000246M"	"3+-"	"3+-"	"3-site haplotype (HindIII, HincII, TaqI)"	"Nerve growth factor receptor (TNFR superfamily, member 16)"	"NGFR"	"growth factor"	"17"	"17q21-q22"	"PO000020C"	"SA000020C"	"190"	"Mixed Europeans, Unrelated"	"Europeans, Mixed"	"Europe"	"French"	"English"
"0.058"	"LO000209L"	"SI000246M"	"3++"	"3++"	"3-site haplotype (HindIII, HincII, TaqI)"	"Nerve growth factor receptor (TNFR superfamily, member 16)"	"NGFR"	"growth factor"	"17"	"17q21-q22"	"PO000020C"	"SA000020C"	"190"	"Mixed Europeans, Unrelated"	"Europeans, Mixed"	"Europe"	"French"	"English"
"0.047"	"LO000209L"	"SI000246M"	"4--"	"4--"	"3-site haplotype (HindIII, HincII, TaqI)"	"Nerve growth factor receptor (TNFR superfamily, member 16)"	"NGFR"	"growth factor"	"17"	"17q21-q22"	"PO000020C"	"SA000020C"	"190"	"Mixed Europeans, Unrelated"	"Europeans, Mixed"	"Europe"	"French"	"English"
"0.242"	"LO000209L"	"SI000246M"	"4-+"	"4-+"	"3-site haplotype (HindIII, HincII, TaqI)"	"Nerve growth factor receptor (TNFR superfamily, member 16)"	"NGFR"	"growth factor"	"17"	"17q21-q22"	"PO000020C"	"SA000020C"	"190"	"Mixed Europeans, Unrelated"	"Europeans, Mixed"	"Europe"	"French"	"English"
"0.054"	"LO000209L"	"SI000246M"	"4+-"	"4+-"	"3-site haplotype (HindIII, HincII, TaqI)"	"Nerve growth factor receptor (TNFR superfamily, member 16)"	"NGFR"	"growth factor"	"17"	"17q21-q22"	"PO000020C"	"SA000020C"	"190"	"Mixed Europeans, Unrelated"	"Europeans, Mixed"	"Europe"	"French"	"English"
"0.146"	"LO000209L"	"SI000246M"	"4++"	"4++"	"3-site haplotype (HindIII, HincII, TaqI)"	"Nerve growth factor receptor (TNFR superfamily, member 16)"	"NGFR"	"growth factor"	"17"	"17q21-q22"	"PO000020C"	"SA000020C"	"190"	"Mixed Europeans, Unrelated"	"Europeans, Mixed"	"Europe"	"French"	"English"
"0.027"	"LO000209L"	"SI000246M"	"3+-"	"3+-"	"3-site haplotype (HindIII, HincII, TaqI)"	"Nerve growth factor receptor (TNFR superfamily, member 16)"	"NGFR"	"growth factor"	"17"	"17q21-q22"	"PO000017I"	"SA000017I"	"108"	"Adygei"	"Adygei"	"Europe"	"Adyghe"	
"0.257"	"LO000209L"	"SI000246M"	"3-+"	"3-+"	"3-site haplotype (HindIII, HincII, TaqI)"	"Nerve growth factor receptor (TNFR superfamily, member 16)"	"NGFR"	"growth factor"	"17"	"17q21-q22"	"PO000017I"	"SA000017I"	"108"	"Adygei"	"Adygei"	"Europe"	"Adyghe"	
"0.011"	"LO000214H"	"SI000202E"	"106"	"106"	"D3S1262 dinucleotide STRP"	"D3S1262"	"D3S1262"		"3"	"3q27"	"PO000036J"	"SA000036J"	"156"	"Yoruba"	"Yoruba"	"Africa"	"Yoruba"	
"0.053"	"LO000214H"	"SI000202E"	"130"	"130"	"D3S1262 dinucleotide STRP"	"D3S1262"	"D3S1262"		"3"	"3q27"	"PO000036J"	"SA000036J"	"156"	"Yoruba"	"Yoruba"	"Africa"	"Yoruba"	
"0.234"	"LO000214H"	"SI000202E"	"128"	"128"	"D3S1262 dinucleotide STRP"	"D3S1262"	"D3S1262"		"3"	"3q27"	"PO000036J"	"SA000036J"	"156"	"Yoruba"	"Yoruba"	"Africa"	"Yoruba"	
"0.128"	"LO000214H"	"SI000202E"	"124"	"124"	"D3S1262 dinucleotide STRP"	"D3S1262"	"D3S1262"		"3"	"3q27"	"PO000036J"	"SA000036J"	"156"	"Yoruba"	"Yoruba"	"Africa"	"Yoruba"	
"0.138"	"LO000214H"	"SI000202E"	"122"	"122"	"D3S1262 dinucleotide STRP"	"D3S1262"	"D3S1262"		"3"	"3q27"	"PO000036J"	"SA000036J"	"156"	"Yoruba"	"Yoruba"	"Africa"	"Yoruba"	
"0.064"	"LO000214H"	"SI000202E"	"120"	"120"	"D3S1262 dinucleotide STRP"	"D3S1262"	"D3S1262"		"3"	"3q27"	"PO000036J"	"SA000036J"	"156"	"Yoruba"	"Yoruba"	"Africa"	"Yoruba"	
"0.056"	"LO000214H"	"SI000202E"	"122"	"122"	"D3S1262 dinucleotide STRP"	"D3S1262"	"D3S1262"		"3"	"3q27"	"PO000005F"	"SA000005F"	"140"	"Biaka Pygmies"	"Biaka"	"Africa"	"yaka"	"French"
"0.008"	"LO000214H"	"SI000202E"	"120"	"120"	"D3S1262 dinucleotide STRP"	"D3S1262"	"D3S1262"		"3"	"3q27"	"PO000005F"	"SA000005F"	"140"	"Biaka Pygmies"	"Biaka"	"Africa"	"yaka"	"French"
"0.074"	"LO000214H"	"SI000202E"	"116"	"116"	"D3S1262 dinucleotide STRP"	"D3S1262"	"D3S1262"		"3"	"3q27"	"PO000036J"	"SA000036J"	"156"	"Yoruba"	"Yoruba"	"Africa"	"Yoruba"	
"0.202"	"LO000214H"	"SI000202E"	"118"	"118"	"D3S1262 dinucleotide STRP"	"D3S1262"	"D3S1262"		"3"	"3q27"	"PO000036J"	"SA000036J"	"156"	"Yoruba"	"Yoruba"	"Africa"	"Yoruba"	
"0.105"	"LO000214H"	"SI000202E"	"118"	"118"	"D3S1262 dinucleotide STRP"	"D3S1262"	"D3S1262"		"3"	"3q27"	"PO000005F"	"SA000005F"	"140"	"Biaka Pygmies"	"Biaka"	"Africa"	"yaka"	"French"
"0.145"	"LO000214H"	"SI000202E"	"116"	"116"	"D3S1262 dinucleotide STRP"	"D3S1262"	"D3S1262"		"3"	"3q27"	"PO000005F"	"SA000005F"	"140"	"Biaka Pygmies"	"Biaka"	"Africa"	"yaka"	"French"
"0.492"	"LO000214H"	"SI000202E"	"126"	"126"	"D3S1262 dinucleotide STRP"	"D3S1262"	"D3S1262"		"3"	"3q27"	"PO000005F"	"SA000005F"	"140"	"Biaka Pygmies"	"Biaka"	"Africa"	"yaka"	"French"
"0.065"	"LO000214H"	"SI000202E"	"106"	"106"	"D3S1262 dinucleotide STRP"	"D3S1262"	"D3S1262"		"3"	"3q27"	"PO000005F"	"SA000005F"	"140"	"Biaka Pygmies"	"Biaka"	"Africa"	"yaka"	"French"
"0.008"	"LO000214H"	"SI000202E"	"132"	"132"	"D3S1262 dinucleotide STRP"	"D3S1262"	"D3S1262"		"3"	"3q27"	"PO000005F"	"SA000005F"	"140"	"Biaka Pygmies"	"Biaka"	"Africa"	"yaka"	"French"
"0.105"	"LO000214H"	"SI000202E"	"128"	"128"	"D3S1262 dinucleotide STRP"	"D3S1262"	"D3S1262"		"3"	"3q27"	"PO000005F"	"SA000005F"	"140"	"Biaka Pygmies"	"Biaka"	"Africa"	"yaka"	"French"
"0.016"	"LO000214H"	"SI000202E"	"130"	"130"	"D3S1262 dinucleotide STRP"	"D3S1262"	"D3S1262"		"3"	"3q27"	"PO000005F"	"SA000005F"	"140"	"Biaka Pygmies"	"Biaka"	"Africa"	"yaka"	"French"
"0.064"	"LO000214H"	"SI000202E"	"126"	"126"	"D3S1262 dinucleotide STRP"	"D3S1262"	"D3S1262"		"3"	"3q27"	"PO000036J"	"SA000036J"	"156"	"Yoruba"	"Yoruba"	"Africa"	"Yoruba"	
"0.032"	"LO000214H"	"SI000202E"	"132"	"132"	"D3S1262 dinucleotide STRP"	"D3S1262"	"D3S1262"		"3"	"3q27"	"PO000036J"	"SA000036J"	"156"	"Yoruba"	"Yoruba"	"Africa"	"Yoruba"	
"0.114"	"LO000215I"	"SI000203F"	"198"	"198"	"D3S1263 dinucleotide STRP"	"D3S1263"	"D3S1263"		"3"	"3p25"	"PO000007H"	"SA000007H"	"102"	"Danes"	"Danes"	"Europe"	"Danish"	
"0.193"	"LO000215I"	"SI000203F"	"194"	"194"	"D3S1263 dinucleotide STRP"	"D3S1263"	"D3S1263"		"3"	"3p25"	"PO000007H"	"SA000007H"	"102"	"Danes"	"Danes"	"Europe"	"Danish"	
"0.011"	"LO000215I"	"SI000203F"	"192"	"192"	"D3S1263 dinucleotide STRP"	"D3S1263"	"D3S1263"		"3"	"3p25"	"PO000007H"	"SA000007H"	"102"	"Danes"	"Danes"	"Europe"	"Danish"	
"0.057"	"LO000215I"	"SI000203F"	"204"	"204"	"D3S1263 dinucleotide STRP"	"D3S1263"	"D3S1263"		"3"	"3p25"	"PO000007H"	"SA000007H"	"102"	"Danes"	"Danes"	"Europe"	"Danish"	
"0.034"	"LO000215I"	"SI000203F"	"206"	"206"	"D3S1263 dinucleotide STRP"	"D3S1263"	"D3S1263"		"3"	"3p25"	"PO000007H"	"SA000007H"	"102"	"Danes"	"Danes"	"Europe"	"Danish"	
"0.182"	"LO000215I"	"SI000203F"	"200"	"200"	"D3S1263 dinucleotide STRP"	"D3S1263"	"D3S1263"		"3"	"3p25"	"PO000007H"	"SA000007H"	"102"	"Danes"	"Danes"	"Europe"	"Danish"	
"0.125"	"LO000215I"	"SI000203F"	"196"	"196"	"D3S1263 dinucleotide STRP"	"D3S1263"	"D3S1263"		"3"	"3p25"	"PO000007H"	"SA000007H"	"102"	"Danes"	"Danes"	"Europe"	"Danish"	
"0.011"	"LO000215I"	"SI000203F"	"182"	"182"	"D3S1263 dinucleotide STRP"	"D3S1263"	"D3S1263"		"3"	"3p25"	"PO000007H"	"SA000007H"	"102"	"Danes"	"Danes"	"Europe"	"Danish"	
"0.034"	"LO000215I"	"SI000203F"	"210"	"210"	"D3S1263 dinucleotide STRP"	"D3S1263"	"D3S1263"		"3"	"3p25"	"PO000007H"	"SA000007H"	"102"	"Danes"	"Danes"	"Europe"	"Danish"	
"0.057"	"LO000215I"	"SI000203F"	"202"	"202"	"D3S1263 dinucleotide STRP"	"D3S1263"	"D3S1263"		"3"	"3p25"	"PO000007H"	"SA000007H"	"102"	"Danes"	"Danes"	"Europe"	"Danish"	
"0.023"	"LO000215I"	"SI000203F"	"212"	"212"	"D3S1263 dinucleotide STRP"	"D3S1263"	"D3S1263"		"3"	"3p25"	"PO000007H"	"SA000007H"	"102"	"Danes"	"Danes"	"Europe"	"Danish"	
"0.023"	"LO000215I"	"SI000203F"	"216"	"216"	"D3S1263 dinucleotide STRP"	"D3S1263"	"D3S1263"		"3"	"3p25"	"PO000007H"	"SA000007H"	"102"	"Danes"	"Danes"	"Europe"	"Danish"	
"0.034"	"LO000215I"	"SI000203F"	"214"	"214"	"D3S1263 dinucleotide STRP"	"D3S1263"	"D3S1263"		"3"	"3p25"	"PO000007H"	"SA000007H"	"102"	"Danes"	"Danes"	"Europe"	"Danish"	
"0.102"	"LO000215I"	"SI000203F"	"208"	"208"	"D3S1263 dinucleotide STRP"	"D3S1263"	"D3S1263"		"3"	"3p25"	"PO000007H"	"SA000007H"	"102"	"Danes"	"Danes"	"Europe"	"Danish"	
"0.269"	"LO000216J"	"SI000204G"	"304"	"304"	"D3S1266 dinucleotide STRP"	"D3S1266"	"D3S1266"		"3"	"3p23"	"PO000012D"	"SA000012D"	"48"	"Nasioi speakers"	"Melanesian, Nasioi"	"Oceania"	"Naasioi"	
"0.192"	"LO000216J"	"SI000204G"	"300"	"300"	"D3S1266 dinucleotide STRP"	"D3S1266"	"D3S1266"		"3"	"3p23"	"PO000012D"	"SA000012D"	"48"	"Nasioi speakers"	"Melanesian, Nasioi"	"Oceania"	"Naasioi"	
"0.308"	"LO000216J"	"SI000204G"	"296"	"296"	"D3S1266 dinucleotide STRP"	"D3S1266"	"D3S1266"		"3"	"3p23"	"PO000012D"	"SA000012D"	"48"	"Nasioi speakers"	"Melanesian, Nasioi"	"Oceania"	"Naasioi"	
"0.231"	"LO000216J"	"SI000204G"	"298"	"298"	"D3S1266 dinucleotide STRP"	"D3S1266"	"D3S1266"		"3"	"3p23"	"PO000012D"	"SA000012D"	"48"	"Nasioi speakers"	"Melanesian, Nasioi"	"Oceania"	"Naasioi"	
"0.191"	"LO000217K"	"SI000205H"	"114"	"114"	"D3S1267 dinucleotide STRP"	"D3S1267"	"D3S1267"		"3"	"3q13.1-q13.2"	"PO000007H"	"SA000007H"	"102"	"Danes"	"Danes"	"Europe"	"Danish"	
"0.011"	"LO000217K"	"SI000205H"	"130"	"130"	"D3S1267 dinucleotide STRP"	"D3S1267"	"D3S1267"		"3"	"3q13.1-q13.2"	"PO000007H"	"SA000007H"	"102"	"Danes"	"Danes"	"Europe"	"Danish"	
"0.011"	"LO000217K"	"SI000205H"	"132"	"132"	"D3S1267 dinucleotide STRP"	"D3S1267"	"D3S1267"		"3"	"3q13.1-q13.2"	"PO000007H"	"SA000007H"	"102"	"Danes"	"Danes"	"Europe"	"Danish"	
"0.021"	"LO000217K"	"SI000205H"	"128"	"128"	"D3S1267 dinucleotide STRP"	"D3S1267"	"D3S1267"		"3"	"3q13.1-q13.2"	"PO000007H"	"SA000007H"	"102"	"Danes"	"Danes"	"Europe"	"Danish"	
"0.032"	"LO000217K"	"SI000205H"	"112"	"112"	"D3S1267 dinucleotide STRP"	"D3S1267"	"D3S1267"		"3"	"3q13.1-q13.2"	"PO000007H"	"SA000007H"	"102"	"Danes"	"Danes"	"Europe"	"Danish"	
"0.043"	"LO000217K"	"SI000205H"	"110"	"110"	"D3S1267 dinucleotide STRP"	"D3S1267"	"D3S1267"		"3"	"3q13.1-q13.2"	"PO000007H"	"SA000007H"	"102"	"Danes"	"Danes"	"Europe"	"Danish"	
"0.074"	"LO000217K"	"SI000205H"	"118"	"118"	"D3S1267 dinucleotide STRP"	"D3S1267"	"D3S1267"		"3"	"3q13.1-q13.2"	"PO000007H"	"SA000007H"	"102"	"Danes"	"Danes"	"Europe"	"Danish"	
"0.149"	"LO000217K"	"SI000205H"	"100"	"100"	"D3S1267 dinucleotide STRP"	"D3S1267"	"D3S1267"		"3"	"3q13.1-q13.2"	"PO000007H"	"SA000007H"	"102"	"Danes"	"Danes"	"Europe"	"Danish"	
"0.106"	"LO000217K"	"SI000205H"	"120"	"120"	"D3S1267 dinucleotide STRP"	"D3S1267"	"D3S1267"		"3"	"3q13.1-q13.2"	"PO000007H"	"SA000007H"	"102"	"Danes"	"Danes"	"Europe"	"Danish"	
"0.043"	"LO000217K"	"SI000205H"	"122"	"122"	"D3S1267 dinucleotide STRP"	"D3S1267"	"D3S1267"		"3"	"3q13.1-q13.2"	"PO000007H"	"SA000007H"	"102"	"Danes"	"Danes"	"Europe"	"Danish"	
"0.053"	"LO000217K"	"SI000205H"	"124"	"124"	"D3S1267 dinucleotide STRP"	"D3S1267"	"D3S1267"		"3"	"3q13.1-q13.2"	"PO000007H"	"SA000007H"	"102"	"Danes"	"Danes"	"Europe"	"Danish"	
"0.234"	"LO000217K"	"SI000205H"	"116"	"116"	"D3S1267 dinucleotide STRP"	"D3S1267"	"D3S1267"		"3"	"3q13.1-q13.2"	"PO000007H"	"SA000007H"	"102"	"Danes"	"Danes"	"Europe"	"Danish"	
"0.032"	"LO000217K"	"SI000205H"	"96"	"96"	"D3S1267 dinucleotide STRP"	"D3S1267"	"D3S1267"		"3"	"3q13.1-q13.2"	"PO000007H"	"SA000007H"	"102"	"Danes"	"Danes"	"Europe"	"Danish"	
"0.978"	"LO000218L"	"SI000206I"	"99"	"99"	"D3S1271 dinucleotide STRP"	"D3S1271"	"D3S1271"		"3"	"3q12"	"PO000014F"	"SA000014F"	"100"	"Surui, Rondonia"	"Surui"	"SouthAmerica"	"Surui"	
"0.27"	"LO000218L"	"SI000206I"	"99"	"99"	"D3S1271 dinucleotide STRP"	"D3S1271"	"D3S1271"		"3"	"3q12"	"PO000005F"	"SA000005F"	"140"	"Biaka Pygmies"	"Biaka"	"Africa"	"yaka"	"French"
"0.025"	"LO000218L"	"SI000206I"	"93"	"93"	"D3S1271 dinucleotide STRP"	"D3S1271"	"D3S1271"		"3"	"3q12"	"PO000005F"	"SA000005F"	"140"	"Biaka Pygmies"	"Biaka"	"Africa"	"yaka"	"French"
"0.254"	"LO000218L"	"SI000206I"	"91"	"91"	"D3S1271 dinucleotide STRP"	"D3S1271"	"D3S1271"		"3"	"3q12"	"PO000005F"	"SA000005F"	"140"	"Biaka Pygmies"	"Biaka"	"Africa"	"yaka"	"French"
"0.213"	"LO000218L"	"SI000206I"	"95"	"95"	"D3S1271 dinucleotide STRP"	"D3S1271"	"D3S1271"		"3"	"3q12"	"PO000005F"	"SA000005F"	"140"	"Biaka Pygmies"	"Biaka"	"Africa"	"yaka"	"French"
"0.022"	"LO000218L"	"SI000206I"	"95"	"95"	"D3S1271 dinucleotide STRP"	"D3S1271"	"D3S1271"		"3"	"3q12"	"PO000014F"	"SA000014F"	"100"	"Surui, Rondonia"	"Surui"	"SouthAmerica"	"Surui"	
"0.238"	"LO000218L"	"SI000206I"	"97"	"97"	"D3S1271 dinucleotide STRP"	"D3S1271"	"D3S1271"		"3"	"3q12"	"PO000005F"	"SA000005F"	"140"	"Biaka Pygmies"	"Biaka"	"Africa"	"yaka"	"French"
"0.021"	"LO000222G"	"SI000210D"	"247"	"247"	"D3S1285 dinucleotide STRP"	"D3S1285"	"D3S1285"		"3"	"3p14.1--p14.2"	"PO000036J"	"SA000036J"	"156"	"Yoruba"	"Yoruba"	"Africa"	"Yoruba"	
"0.053"	"LO000222G"	"SI000210D"	"245"	"245"	"D3S1285 dinucleotide STRP"	"D3S1285"	"D3S1285"		"3"	"3p14.1--p14.2"	"PO000036J"	"SA000036J"	"156"	"Yoruba"	"Yoruba"	"Africa"	"Yoruba"	
"0.383"	"LO000222G"	"SI000210D"	"241"	"241"	"D3S1285 dinucleotide STRP"	"D3S1285"	"D3S1285"		"3"	"3p14.1--p14.2"	"PO000036J"	"SA000036J"	"156"	"Yoruba"	"Yoruba"	"Africa"	"Yoruba"	
"0.149"	"LO000222G"	"SI000210D"	"243"	"243"	"D3S1285 dinucleotide STRP"	"D3S1285"	"D3S1285"		"3"	"3p14.1--p14.2"	"PO000036J"	"SA000036J"	"156"	"Yoruba"	"Yoruba"	"Africa"	"Yoruba"	
"0.394"	"LO000222G"	"SI000210D"	"239"	"239"	"D3S1285 dinucleotide STRP"	"D3S1285"	"D3S1285"		"3"	"3p14.1--p14.2"	"PO000036J"	"SA000036J"	"156"	"Yoruba"	"Yoruba"	"Africa"	"Yoruba"	
"0.083"	"LO000224I"	"SI000212F"	"125"	"125"	"D3S1292 dinucleotide STRP"	"D3S1292"	"D3S1292"		"3"	"3q21-q22"	"PO000005F"	"SA000005F"	"140"	"Biaka Pygmies"	"Biaka"	"Africa"	"yaka"	"French"
"0.037"	"LO000224I"	"SI000212F"	"121"	"121"	"D3S1292 dinucleotide STRP"	"D3S1292"	"D3S1292"		"3"	"3q21-q22"	"PO000005F"	"SA000005F"	"140"	"Biaka Pygmies"	"Biaka"	"Africa"	"yaka"	"French"
"0.046"	"LO000224I"	"SI000212F"	"123"	"123"	"D3S1292 dinucleotide STRP"	"D3S1292"	"D3S1292"		"3"	"3q21-q22"	"PO000005F"	"SA000005F"	"140"	"Biaka Pygmies"	"Biaka"	"Africa"	"yaka"	"French"
"0.074"	"LO000224I"	"SI000212F"	"139"	"139"	"D3S1292 dinucleotide STRP"	"D3S1292"	"D3S1292"		"3"	"3q21-q22"	"PO000005F"	"SA000005F"	"140"	"Biaka Pygmies"	"Biaka"	"Africa"	"yaka"	"French"
"0.213"	"LO000224I"	"SI000212F"	"137"	"137"	"D3S1292 dinucleotide STRP"	"D3S1292"	"D3S1292"		"3"	"3q21-q22"	"PO000005F"	"SA000005F"	"140"	"Biaka Pygmies"	"Biaka"	"Africa"	"yaka"	"French"
"0.056"	"LO000224I"	"SI000212F"	"135"	"135"	"D3S1292 dinucleotide STRP"	"D3S1292"	"D3S1292"		"3"	"3q21-q22"	"PO000005F"	"SA000005F"	"140"	"Biaka Pygmies"	"Biaka"	"Africa"	"yaka"	"French"
"0.176"	"LO000224I"	"SI000212F"	"133"	"133"	"D3S1292 dinucleotide STRP"	"D3S1292"	"D3S1292"		"3"	"3q21-q22"	"PO000005F"	"SA000005F"	"140"	"Biaka Pygmies"	"Biaka"	"Africa"	"yaka"	"French"
"0.046"	"LO000224I"	"SI000212F"	"143"	"143"	"D3S1292 dinucleotide STRP"	"D3S1292"	"D3S1292"		"3"	"3q21-q22"	"PO000005F"	"SA000005F"	"140"	"Biaka Pygmies"	"Biaka"	"Africa"	"yaka"	"French"
"0.028"	"LO000224I"	"SI000212F"	"131"	"131"	"D3S1292 dinucleotide STRP"	"D3S1292"	"D3S1292"		"3"	"3q21-q22"	"PO000005F"	"SA000005F"	"140"	"Biaka Pygmies"	"Biaka"	"Africa"	"yaka"	"French"
"0.028"	"LO000224I"	"SI000212F"	"129"	"129"	"D3S1292 dinucleotide STRP"	"D3S1292"	"D3S1292"		"3"	"3q21-q22"	"PO000005F"	"SA000005F"	"140"	"Biaka Pygmies"	"Biaka"	"Africa"	"yaka"	"French"
"0.194"	"LO000224I"	"SI000212F"	"127"	"127"	"D3S1292 dinucleotide STRP"	"D3S1292"	"D3S1292"		"3"	"3q21-q22"	"PO000005F"	"SA000005F"	"140"	"Biaka Pygmies"	"Biaka"	"Africa"	"yaka"	"French"
"0.019"	"LO000224I"	"SI000212F"	"119"	"119"	"D3S1292 dinucleotide STRP"	"D3S1292"	"D3S1292"		"3"	"3q21-q22"	"PO000005F"	"SA000005F"	"140"	"Biaka Pygmies"	"Biaka"	"Africa"	"yaka"	"French"
"0.083"	"LO000225J"	"SI000213G"	"354"	"354"	"D3S1297 dinucleotide STRP"	"D3S1297"	"D3S1297"		"3"	"3p26"	"PO000036J"	"SA000036J"	"156"	"Yoruba"	"Yoruba"	"Africa"	"Yoruba"	
"0.025"	"LO000225J"	"SI000213G"	"354"	"354"	"D3S1297 dinucleotide STRP"	"D3S1297"	"D3S1297"		"3"	"3p26"	"PO000014F"	"SA000014F"	"100"	"Surui, Rondonia"	"Surui"	"SouthAmerica"	"Surui"	
"0.325"	"LO000225J"	"SI000213G"	"358"	"358"	"D3S1297 dinucleotide STRP"	"D3S1297"	"D3S1297"		"3"	"3p26"	"PO000014F"	"SA000014F"	"100"	"Surui, Rondonia"	"Surui"	"SouthAmerica"	"Surui"	
"0.028"	"LO000225J"	"SI000213G"	"350"	"350"	"D3S1297 dinucleotide STRP"	"D3S1297"	"D3S1297"		"3"	"3p26"	"PO000036J"	"SA000036J"	"156"	"Yoruba"	"Yoruba"	"Africa"	"Yoruba"	
"0.389"	"LO000225J"	"SI000213G"	"352"	"352"	"D3S1297 dinucleotide STRP"	"D3S1297"	"D3S1297"		"3"	"3p26"	"PO000036J"	"SA000036J"	"156"	"Yoruba"	"Yoruba"	"Africa"	"Yoruba"	
"0.097"	"LO000225J"	"SI000213G"	"356"	"356"	"D3S1297 dinucleotide STRP"	"D3S1297"	"D3S1297"		"3"	"3p26"	"PO000036J"	"SA000036J"	"156"	"Yoruba"	"Yoruba"	"Africa"	"Yoruba"	
"0.025"	"LO000225J"	"SI000213G"	"360"	"360"	"D3S1297 dinucleotide STRP"	"D3S1297"	"D3S1297"		"3"	"3p26"	"PO000014F"	"SA000014F"	"100"	"Surui, Rondonia"	"Surui"	"SouthAmerica"	"Surui"	
"0.625"	"LO000225J"	"SI000213G"	"362"	"362"	"D3S1297 dinucleotide STRP"	"D3S1297"	"D3S1297"		"3"	"3p26"	"PO000014F"	"SA000014F"	"100"	"Surui, Rondonia"	"Surui"	"SouthAmerica"	"Surui"	
"0.028"	"LO000225J"	"SI000213G"	"368"	"368"	"D3S1297 dinucleotide STRP"	"D3S1297"	"D3S1297"		"3"	"3p26"	"PO000036J"	"SA000036J"	"156"	"Yoruba"	"Yoruba"	"Africa"	"Yoruba"	
"0.014"	"LO000225J"	"SI000213G"	"364"	"364"	"D3S1297 dinucleotide STRP"	"D3S1297"	"D3S1297"		"3"	"3p26"	"PO000036J"	"SA000036J"	"156"	"Yoruba"	"Yoruba"	"Africa"	"Yoruba"	
"0.139"	"LO000225J"	"SI000213G"	"360"	"360"	"D3S1297 dinucleotide STRP"	"D3S1297"	"D3S1297"		"3"	"3p26"	"PO000036J"	"SA000036J"	"156"	"Yoruba"	"Yoruba"	"Africa"	"Yoruba"	
"0.222"	"LO000225J"	"SI000213G"	"358"	"358"	"D3S1297 dinucleotide STRP"	"D3S1297"	"D3S1297"		"3"	"3p26"	"PO000036J"	"SA000036J"	"156"	"Yoruba"	"Yoruba"	"Africa"	"Yoruba"	
"0.02"	"LO000227L"	"SI000252J"	"S31"	"S31"	"3-site haplotype (5' 120 bp duplication, upstream 5' UTR, promoter 5' CT -521)"	"Dopamine receptor D4"	"DRD4"	"neurotransmitter,receptor"	"11"	"11p15.5"	"PO000036J"	"SA000036J"	"156"	"Yoruba"	"Yoruba"	"Africa"	"Yoruba"	
"0.028"	"LO000227L"	"SI000252J"	"S32"	"S32"	"3-site haplotype (5' 120 bp duplication, upstream 5' UTR, promoter 5' CT -521)"	"Dopamine receptor D4"	"DRD4"	"neurotransmitter,receptor"	"11"	"11p15.5"	"PO000036J"	"SA000036J"	"156"	"Yoruba"	"Yoruba"	"Africa"	"Yoruba"	
"0.079"	"LO000227L"	"SI000252J"	"L11"	"L11"	"3-site haplotype (5' 120 bp duplication, upstream 5' UTR, promoter 5' CT -521)"	"Dopamine receptor D4"	"DRD4"	"neurotransmitter,receptor"	"11"	"11p15.5"	"PO000036J"	"SA000036J"	"156"	"Yoruba"	"Yoruba"	"Africa"	"Yoruba"	
"0.076"	"LO000227L"	"SI000252J"	"L12"	"L12"	"3-site haplotype (5' 120 bp duplication, upstream 5' UTR, promoter 5' CT -521)"	"Dopamine receptor D4"	"DRD4"	"neurotransmitter,receptor"	"11"	"11p15.5"	"PO000036J"	"SA000036J"	"156"	"Yoruba"	"Yoruba"	"Africa"	"Yoruba"	
"0.079"	"LO000227L"	"SI000252J"	"L21"	"L21"	"3-site haplotype (5' 120 bp duplication, upstream 5' UTR, promoter 5' CT -521)"	"Dopamine receptor D4"	"DRD4"	"neurotransmitter,receptor"	"11"	"11p15.5"	"PO000036J"	"SA000036J"	"156"	"Yoruba"	"Yoruba"	"Africa"	"Yoruba"	
"0.133"	"LO000227L"	"SI000252J"	"L22"	"L22"	"3-site haplotype (5' 120 bp duplication, upstream 5' UTR, promoter 5' CT -521)"	"Dopamine receptor D4"	"DRD4"	"neurotransmitter,receptor"	"11"	"11p15.5"	"PO000036J"	"SA000036J"	"156"	"Yoruba"	"Yoruba"	"Africa"	"Yoruba"	
"0.086"	"LO000227L"	"SI000252J"	"L31"	"L31"	"3-site haplotype (5' 120 bp duplication, upstream 5' UTR, promoter 5' CT -521)"	"Dopamine receptor D4"	"DRD4"	"neurotransmitter,receptor"	"11"	"11p15.5"	"PO000036J"	"SA000036J"	"156"	"Yoruba"	"Yoruba"	"Africa"	"Yoruba"	
"0.146"	"LO000227L"	"SI000252J"	"L32"	"L32"	"3-site haplotype (5' 120 bp duplication, upstream 5' UTR, promoter 5' CT -521)"	"Dopamine receptor D4"	"DRD4"	"neurotransmitter,receptor"	"11"	"11p15.5"	"PO000036J"	"SA000036J"	"156"	"Yoruba"	"Yoruba"	"Africa"	"Yoruba"	
"0.088"	"LO000227L"	"SI000252J"	"S11"	"S11"	"3-site haplotype (5' 120 bp duplication, upstream 5' UTR, promoter 5' CT -521)"	"Dopamine receptor D4"	"DRD4"	"neurotransmitter,receptor"	"11"	"11p15.5"	"PO000036J"	"SA000036J"	"156"	"Yoruba"	"Yoruba"	"Africa"	"Yoruba"	
"0.176"	"LO000227L"	"SI000252J"	"S12"	"S12"	"3-site haplotype (5' 120 bp duplication, upstream 5' UTR, promoter 5' CT -521)"	"Dopamine receptor D4"	"DRD4"	"neurotransmitter,receptor"	"11"	"11p15.5"	"PO000036J"	"SA000036J"	"156"	"Yoruba"	"Yoruba"	"Africa"	"Yoruba"	
"0.041"	"LO000227L"	"SI000252J"	"S21"	"S21"	"3-site haplotype (5' 120 bp duplication, upstream 5' UTR, promoter 5' CT -521)"	"Dopamine receptor D4"	"DRD4"	"neurotransmitter,receptor"	"11"	"11p15.5"	"PO000036J"	"SA000036J"	"156"	"Yoruba"	"Yoruba"	"Africa"	"Yoruba"	
"0.048"	"LO000227L"	"SI000252J"	"S22"	"S22"	"3-site haplotype (5' 120 bp duplication, upstream 5' UTR, promoter 5' CT -521)"	"Dopamine receptor D4"	"DRD4"	"neurotransmitter,receptor"	"11"	"11p15.5"	"PO000036J"	"SA000036J"	"156"	"Yoruba"	"Yoruba"	"Africa"	"Yoruba"	
"0.04"	"LO000228M"	"SI000238N"	"XbaI Site Present"	"2 =T"	"intron 5 XbaI"	"Alcohol Dehydrogenase 1C (class I), gamma polypeptide"	"ADH1C"	"dehydrogenase,metaboliser"	"4"	"4q21-q23"	"PO000005F"	"SA000005F"	"140"	"Biaka Pygmies"	"Biaka"	"Africa"	"yaka"	"French"
"0.2"	"LO000228M"	"SI000238N"	"XbaI Site Present"	"2 =T"	"intron 5 XbaI"	"Alcohol Dehydrogenase 1C (class I), gamma polypeptide"	"ADH1C"	"dehydrogenase,metaboliser"	"4"	"4q21-q23"	"PO000036J"	"SA000036J"	"156"	"Yoruba"	"Yoruba"	"Africa"	"Yoruba"	
"0.8"	"LO000228M"	"SI000238N"	"XbaI Site Absent"	"1=G"	"intron 5 XbaI"	"Alcohol Dehydrogenase 1C (class I), gamma polypeptide"	"ADH1C"	"dehydrogenase,metaboliser"	"4"	"4q21-q23"	"PO000036J"	"SA000036J"	"156"	"Yoruba"	"Yoruba"	"Africa"	"Yoruba"	
"0.57"	"LO000228M"	"SI000238N"	"XbaI Site Absent"	"1=G"	"intron 5 XbaI"	"Alcohol Dehydrogenase 1C (class I), gamma polypeptide"	"ADH1C"	"dehydrogenase,metaboliser"	"4"	"4q21-q23"	"PO000020C"	"SA000020C"	"190"	"Mixed Europeans, Unrelated"	"Europeans, Mixed"	"Europe"	"French"	"English"
"0.43"	"LO000228M"	"SI000238N"	"XbaI Site Present"	"2 =T"	"intron 5 XbaI"	"Alcohol Dehydrogenase 1C (class I), gamma polypeptide"	"ADH1C"	"dehydrogenase,metaboliser"	"4"	"4q21-q23"	"PO000020C"	"SA000020C"	"190"	"Mixed Europeans, Unrelated"	"Europeans, Mixed"	"Europe"	"French"	"English"
"0.3"	"LO000228M"	"SI000238N"	"XbaI Site Absent"	"1=G"	"intron 5 XbaI"	"Alcohol Dehydrogenase 1C (class I), gamma polypeptide"	"ADH1C"	"dehydrogenase,metaboliser"	"4"	"4q21-q23"	"PO000034H"	"SA000026I"	"106"	"Mexican Pima, Unrelated"	"Pima, Mexico"	"NorthAmerica"	"Pima bajo, sonora"	"Spanish"
"0.7"	"LO000228M"	"SI000238N"	"XbaI Site Present"	"2 =T"	"intron 5 XbaI"	"Alcohol Dehydrogenase 1C (class I), gamma polypeptide"	"ADH1C"	"dehydrogenase,metaboliser"	"4"	"4q21-q23"	"PO000034H"	"SA000026I"	"106"	"Mexican Pima, Unrelated"	"Pima, Mexico"	"NorthAmerica"	"Pima bajo, sonora"	"Spanish"
"0.95"	"LO000228M"	"SI000238N"	"XbaI Site Absent"	"1=G"	"intron 5 XbaI"	"Alcohol Dehydrogenase 1C (class I), gamma polypeptide"	"ADH1C"	"dehydrogenase,metaboliser"	"4"	"4q21-q23"	"PO000009J"	"SA000001B"	"100"	"Taiwanese Han"	"Han"	"EastAsia"	"Chinese"	
"0.05"	"LO000228M"	"SI000238N"	"XbaI Site Present"	"2 =T"	"intron 5 XbaI"	"Alcohol Dehydrogenase 1C (class I), gamma polypeptide"	"ADH1C"	"dehydrogenase,metaboliser"	"4"	"4q21-q23"	"PO000009J"	"SA000001B"	"100"	"Taiwanese Han"	"Han"	"EastAsia"	"Chinese"	
"0.96"	"LO000228M"	"SI000238N"	"XbaI Site Absent"	"1=G"	"intron 5 XbaI"	"Alcohol Dehydrogenase 1C (class I), gamma polypeptide"	"ADH1C"	"dehydrogenase,metaboliser"	"4"	"4q21-q23"	"PO000005F"	"SA000005F"	"140"	"Biaka Pygmies"	"Biaka"	"Africa"	"yaka"	"French"
"0.94"	"LO000228M"	"SI000239O"	"StuI Site Absent"	"1=T"	"intron 3 StuI"	"Alcohol Dehydrogenase 1C (class I), gamma polypeptide"	"ADH1C"	"dehydrogenase,metaboliser"	"4"	"4q21-q23"	"PO000005F"	"SA000005F"	"140"	"Biaka Pygmies"	"Biaka"	"Africa"	"yaka"	"French"
"0.51"	"LO000228M"	"SI000239O"	"StuI Site Absent"	"1=T"	"intron 3 StuI"	"Alcohol Dehydrogenase 1C (class I), gamma polypeptide"	"ADH1C"	"dehydrogenase,metaboliser"	"4"	"4q21-q23"	"PO000020C"	"SA000020C"	"190"	"Mixed Europeans, Unrelated"	"Europeans, Mixed"	"Europe"	"French"	"English"
"0.82"	"LO000228M"	"SI000239O"	"StuI Site Absent"	"1=T"	"intron 3 StuI"	"Alcohol Dehydrogenase 1C (class I), gamma polypeptide"	"ADH1C"	"dehydrogenase,metaboliser"	"4"	"4q21-q23"	"PO000036J"	"SA000036J"	"156"	"Yoruba"	"Yoruba"	"Africa"	"Yoruba"	
"0.18"	"LO000228M"	"SI000239O"	"StuI Site Present"	"2=G"	"intron 3 StuI"	"Alcohol Dehydrogenase 1C (class I), gamma polypeptide"	"ADH1C"	"dehydrogenase,metaboliser"	"4"	"4q21-q23"	"PO000036J"	"SA000036J"	"156"	"Yoruba"	"Yoruba"	"Africa"	"Yoruba"	
"0.72"	"LO000228M"	"SI000239O"	"StuI Site Present"	"2=G"	"intron 3 StuI"	"Alcohol Dehydrogenase 1C (class I), gamma polypeptide"	"ADH1C"	"dehydrogenase,metaboliser"	"4"	"4q21-q23"	"PO000034H"	"SA000026I"	"106"	"Mexican Pima, Unrelated"	"Pima, Mexico"	"NorthAmerica"	"Pima bajo, sonora"	"Spanish"
"0.28"	"LO000228M"	"SI000239O"	"StuI Site Absent"	"1=T"	"intron 3 StuI"	"Alcohol Dehydrogenase 1C (class I), gamma polypeptide"	"ADH1C"	"dehydrogenase,metaboliser"	"4"	"4q21-q23"	"PO000034H"	"SA000026I"	"106"	"Mexican Pima, Unrelated"	"Pima, Mexico"	"NorthAmerica"	"Pima bajo, sonora"	"Spanish"
"0.96"	"LO000228M"	"SI000239O"	"StuI Site Absent"	"1=T"	"intron 3 StuI"	"Alcohol Dehydrogenase 1C (class I), gamma polypeptide"	"ADH1C"	"dehydrogenase,metaboliser"	"4"	"4q21-q23"	"PO000009J"	"SA000001B"	"100"	"Taiwanese Han"	"Han"	"EastAsia"	"Chinese"	
"0.04"	"LO000228M"	"SI000239O"	"StuI Site Present"	"2=G"	"intron 3 StuI"	"Alcohol Dehydrogenase 1C (class I), gamma polypeptide"	"ADH1C"	"dehydrogenase,metaboliser"	"4"	"4q21-q23"	"PO000009J"	"SA000001B"	"100"	"Taiwanese Han"	"Han"	"EastAsia"	"Chinese"	
"0.49"	"LO000228M"	"SI000239O"	"StuI Site Present"	"2=G"	"intron 3 StuI"	"Alcohol Dehydrogenase 1C (class I), gamma polypeptide"	"ADH1C"	"dehydrogenase,metaboliser"	"4"	"4q21-q23"	"PO000020C"	"SA000020C"	"190"	"Mixed Europeans, Unrelated"	"Europeans, Mixed"	"Europe"	"French"	"English"
"0.06"	"LO000228M"	"SI000239O"	"StuI Site Present"	"2=G"	"intron 3 StuI"	"Alcohol Dehydrogenase 1C (class I), gamma polypeptide"	"ADH1C"	"dehydrogenase,metaboliser"	"4"	"4q21-q23"	"PO000005F"	"SA000005F"	"140"	"Biaka Pygmies"	"Biaka"	"Africa"	"yaka"	"French"
"0.3"	"LO000237M"	"SI000258P"	"Mbo I site present"	"A"	"A/G supI8-83/sup"	"Renin"	"REN"	"blood coagulation"	"1"	"1q32-qter"	"PO000020C"	"SA000091K"	"60"	"Caucasian"	"Europeans, Mixed"	"Europe"	"French"	"English"
"0.25"	"LO000237M"	"SI000258P"	"Mbo I site present"	"A"	"A/G supI8-83/sup"	"Renin"	"REN"	"blood coagulation"	"1"	"1q32-qter"	"PO000013E"	"SA000109K"	"102"	"Mayan"	"Maya, Yucatan"	"NorthAmerica"	"Maya, yucatan"	
"0.75"	"LO000237M"	"SI000258P"	"Mbo I site absent"	"G"	"A/G supI8-83/sup"	"Renin"	"REN"	"blood coagulation"	"1"	"1q32-qter"	"PO000013E"	"SA000109K"	"102"	"Mayan"	"Maya, Yucatan"	"NorthAmerica"	"Maya, yucatan"	
"0.18"	"LO000237M"	"SI000258P"	"Mbo I site present"	"A"	"A/G supI8-83/sup"	"Renin"	"REN"	"blood coagulation"	"1"	"1q32-qter"	"PO000069P"	"SA000103E"	"208"	"Peruvian Quechua"	"Quechua"	"SouthAmerica"	"Quechua, cuzco"	
"0.82"	"LO000237M"	"SI000258P"	"Mbo I site absent"	"G"	"A/G supI8-83/sup"	"Renin"	"REN"	"blood coagulation"	"1"	"1q32-qter"	"PO000069P"	"SA000103E"	"208"	"Peruvian Quechua"	"Quechua"	"SouthAmerica"	"Quechua, cuzco"	
"0.7"	"LO000237M"	"SI000258P"	"Mbo I site absent"	"G"	"A/G supI8-83/sup"	"Renin"	"REN"	"blood coagulation"	"1"	"1q32-qter"	"PO000020C"	"SA000091K"	"60"	"Caucasian"	"Europeans, Mixed"	"Europe"	"French"	"English"
"0.25"	"LO000253K"	"SI000289T"	"2"	"2"	"D9S249 tetranucleotide STRP"	"D9S249"	"D9S249"		"9"	"9q12-q31"	"PO000034H"	"SA000115H"	"28"	"Tsonga"	"Pima, Mexico"	"NorthAmerica"	"Pima bajo, sonora"	"Spanish"
"0.036"	"LO000253K"	"SI000289T"	"3"	"3"	"D9S249 tetranucleotide STRP"	"D9S249"	"D9S249"		"9"	"9q12-q31"	"PO000034H"	"SA000115H"	"28"	"Tsonga"	"Pima, Mexico"	"NorthAmerica"	"Pima bajo, sonora"	"Spanish"
"0.714"	"LO000253K"	"SI000289T"	"1"	"1"	"D9S249 tetranucleotide STRP"	"D9S249"	"D9S249"		"9"	"9q12-q31"	"PO000034H"	"SA000115H"	"28"	"Tsonga"	"Pima, Mexico"	"NorthAmerica"	"Pima bajo, sonora"	"Spanish"
"0.357"	"LO000253K"	"SI000289T"	"2"	"2"	"D9S249 tetranucleotide STRP"	"D9S249"	"D9S249"		"9"	"9q12-q31"	"PO000108J"	"SA000116I"	"28"	"Nguni"	"Nguni"	"Africa"	"Ndebele"	
"0.036"	"LO000253K"	"SI000289T"	"3"	"3"	"D9S249 tetranucleotide STRP"	"D9S249"	"D9S249"		"9"	"9q12-q31"	"PO000108J"	"SA000116I"	"28"	"Nguni"	"Nguni"	"Africa"	"Ndebele"	
"0.607"	"LO000253K"	"SI000289T"	"1"	"1"	"D9S249 tetranucleotide STRP"	"D9S249"	"D9S249"		"9"	"9q12-q31"	"PO000108J"	"SA000116I"	"28"	"Nguni"	"Nguni"	"Africa"	"Ndebele"	
"0.208"	"LO000258P"	"SI000294P"	"3"	"3"	"HRAS tetranucleotide STRP"	"V-Ha-ras Harvey rat sarcoma viral oncogene homolog"	"HRAS"	"activator"	"11"	"11p15.5"	"PO000020C"	"SA000122F"	"140"	"Northern Europeans, unrelated males"	"Europeans, Mixed"	"Europe"	"French"	"English"
"0.056"	"LO000258P"	"SI000294P"	"2"	"2"	"HRAS tetranucleotide STRP"	"V-Ha-ras Harvey rat sarcoma viral oncogene homolog"	"HRAS"	"activator"	"11"	"11p15.5"	"PO000107I"	"SA000114G"	"44"	"Sotho-Tsonga"	"Sotho-Tswana"	"Africa"	"Kgalagadi"	
"0.75"	"LO000258P"	"SI000294P"	"1"	"1"	"HRAS tetranucleotide STRP"	"V-Ha-ras Harvey rat sarcoma viral oncogene homolog"	"HRAS"	"activator"	"11"	"11p15.5"	"PO000107I"	"SA000114G"	"44"	"Sotho-Tsonga"	"Sotho-Tswana"	"Africa"	"Kgalagadi"	
"0.194"	"LO000258P"	"SI000294P"	"3"	"3"	"HRAS tetranucleotide STRP"	"V-Ha-ras Harvey rat sarcoma viral oncogene homolog"	"HRAS"	"activator"	"11"	"11p15.5"	"PO000107I"	"SA000114G"	"44"	"Sotho-Tsonga"	"Sotho-Tswana"	"Africa"	"Kgalagadi"	
"0.615"	"LO000258P"	"SI000294P"	"1"	"1"	"HRAS tetranucleotide STRP"	"V-Ha-ras Harvey rat sarcoma viral oncogene homolog"	"HRAS"	"activator"	"11"	"11p15.5"	"PO000020C"	"SA000122F"	"140"	"Northern Europeans, unrelated males"	"Europeans, Mixed"	"Europe"	"French"	"English"
"0.275"	"LO000258P"	"SI000294P"	"3"	"3"	"HRAS tetranucleotide STRP"	"V-Ha-ras Harvey rat sarcoma viral oncogene homolog"	"HRAS"	"activator"	"11"	"11p15.5"	"PO000111D"	"SA000123G"	"40"	"French, unrelated CEPH"	"French"	"Europe"	"Breton"	
"0.177"	"LO000258P"	"SI000294P"	"2"	"2"	"HRAS tetranucleotide STRP"	"V-Ha-ras Harvey rat sarcoma viral oncogene homolog"	"HRAS"	"activator"	"11"	"11p15.5"	"PO000020C"	"SA000122F"	"140"	"Northern Europeans, unrelated males"	"Europeans, Mixed"	"Europe"	"French"	"English"
"0.175"	"LO000258P"	"SI000294P"	"2"	"2"	"HRAS tetranucleotide STRP"	"V-Ha-ras Harvey rat sarcoma viral oncogene homolog"	"HRAS"	"activator"	"11"	"11p15.5"	"PO000111D"	"SA000123G"	"40"	"French, unrelated CEPH"	"French"	"Europe"	"Breton"	
"0.55"	"LO000258P"	"SI000294P"	"1"	"1"	"HRAS tetranucleotide STRP"	"V-Ha-ras Harvey rat sarcoma viral oncogene homolog"	"HRAS"	"activator"	"11"	"11p15.5"	"PO000111D"	"SA000123G"	"40"	"French, unrelated CEPH"	"French"	"Europe"	"Breton"	
"0.56"	"LO000259Q"	"SI000483P"	"Restriction Site Absent"	"RsaI-"	"RsaI"	"Von Willebrand factor"	"VWF"	"protein binding,blood coagulation"	"12"	"12p13.3-p13.2"	"PO000098R"	"SA000207J"	"154"	"Mixed African, Brazil"	"African Americans"	"Africa"	"Portuguese"	"Spanish"
"0.44"	"LO000259Q"	"SI000483P"	"Restriction Site Present"	"RsaI+"	"RsaI"	"Von Willebrand factor"	"VWF"	"protein binding,blood coagulation"	"12"	"12p13.3-p13.2"	"PO000098R"	"SA000207J"	"154"	"Mixed African, Brazil"	"African Americans"	"Africa"	"Portuguese"	"Spanish"
"0.87"	"LO000259Q"	"SI000485R"	"Restriction Site Absent"	"HphI-"	"HphI"	"Von Willebrand factor"	"VWF"	"protein binding,blood coagulation"	"12"	"12p13.3-p13.2"	"PO000098R"	"SA000207J"	"154"	"Mixed African, Brazil"	"African Americans"	"Africa"	"Portuguese"	"Spanish"
"0.11"	"LO000259Q"	"SI000485R"	"Restriction Site Present"	"HphI+"	"HphI"	"Von Willebrand factor"	"VWF"	"protein binding,blood coagulation"	"12"	"12p13.3-p13.2"	"PO000125I"	"SA000212F"	"60"	"Zoro"	"Zoro"	"SouthAmerica"	"Gaviao, zoro"	
"0.8"	"LO000259Q"	"SI000485R"	"Restriction Site Absent"	"HphI-"	"HphI"	"Von Willebrand factor"	"VWF"	"protein binding,blood coagulation"	"12"	"12p13.3-p13.2"	"PO000124H"	"SA000211E"	"60"	"Xavante"	"Xavante"	"SouthAmerica"	"Xavante"	
"0.13"	"LO000259Q"	"SI000485R"	"Restriction Site Present"	"HphI+"	"HphI"	"Von Willebrand factor"	"VWF"	"protein binding,blood coagulation"	"12"	"12p13.3-p13.2"	"PO000098R"	"SA000207J"	"154"	"Mixed African, Brazil"	"African Americans"	"Africa"	"Portuguese"	"Spanish"
"0.2"	"LO000259Q"	"SI000485R"	"Restriction Site Present"	"HphI+"	"HphI"	"Von Willebrand factor"	"VWF"	"protein binding,blood coagulation"	"12"	"12p13.3-p13.2"	"PO000124H"	"SA000211E"	"60"	"Xavante"	"Xavante"	"SouthAmerica"	"Xavante"	
"0.89"	"LO000259Q"	"SI000485R"	"Restriction Site Absent"	"HphI-"	"HphI"	"Von Willebrand factor"	"VWF"	"protein binding,blood coagulation"	"12"	"12p13.3-p13.2"	"PO000125I"	"SA000212F"	"60"	"Zoro"	"Zoro"	"SouthAmerica"	"Gaviao, zoro"	
"0.1"	"LO000259Q"	"SI000485R"	"Restriction Site Present"	"HphI+"	"HphI"	"Von Willebrand factor"	"VWF"	"protein binding,blood coagulation"	"12"	"12p13.3-p13.2"	"PO000127K"	"SA000148N"	"58"	"Gaviao"	"Gaviao"	"SouthAmerica"	"Gaviao do jiparana"	
"0.9"	"LO000259Q"	"SI000485R"	"Restriction Site Absent"	"HphI-"	"HphI"	"Von Willebrand factor"	"VWF"	"protein binding,blood coagulation"	"12"	"12p13.3-p13.2"	"PO000127K"	"SA000148N"	"58"	"Gaviao"	"Gaviao"	"SouthAmerica"	"Gaviao do jiparana"	
"0.42"	"LO000259Q"	"SI000486S"	"c"	"c"	"D1472H"	"Von Willebrand factor"	"VWF"	"protein binding,blood coagulation"	"12"	"12p13.3-p13.2"	"PO000098R"	"SA000207J"	"154"	"Mixed African, Brazil"	"African Americans"	"Africa"	"Portuguese"	"Spanish"
"0.58"	"LO000259Q"	"SI000486S"	"g"	"g"	"D1472H"	"Von Willebrand factor"	"VWF"	"protein binding,blood coagulation"	"12"	"12p13.3-p13.2"	"PO000098R"	"SA000207J"	"154"	"Mixed African, Brazil"	"African Americans"	"Africa"	"Portuguese"	"Spanish"
"0.03"	"LO000259Q"	"SI000488U"	"Restriction Site Absent"	"KpnI-"	"KpnI"	"Von Willebrand factor"	"VWF"	"protein binding,blood coagulation"	"12"	"12p13.3-p13.2"	"PO000014F"	"SA000149O"	"48"	"Surui"	"Surui"	"SouthAmerica"	"Surui"	
"0.97"	"LO000259Q"	"SI000488U"	"Restriction Site Present"	"KpnI+"	"KpnI"	"Von Willebrand factor"	"VWF"	"protein binding,blood coagulation"	"12"	"12p13.3-p13.2"	"PO000014F"	"SA000149O"	"48"	"Surui"	"Surui"	"SouthAmerica"	"Surui"	
"0.99"	"LO000259Q"	"SI000488U"	"Restriction Site Present"	"KpnI+"	"KpnI"	"Von Willebrand factor"	"VWF"	"protein binding,blood coagulation"	"12"	"12p13.3-p13.2"	"PO000098R"	"SA000207J"	"154"	"Mixed African, Brazil"	"African Americans"	"Africa"	"Portuguese"	"Spanish"
"0.01"	"LO000259Q"	"SI000488U"	"Restriction Site Absent"	"KpnI-"	"KpnI"	"Von Willebrand factor"	"VWF"	"protein binding,blood coagulation"	"12"	"12p13.3-p13.2"	"PO000098R"	"SA000207J"	"154"	"Mixed African, Brazil"	"African Americans"	"Africa"	"Portuguese"	"Spanish"
"0.066"	"LO000298T"	"SI000559T"	"HBB*S"	"HBB*S"	"HBB"	"globin gene cluster"	"HBB@"		"11"	"11p15.5"	"PO000245L"	"SA000356O"	"96"	"Cajueiro"	"Cajueiro"	"SouthAmerica"	"Kuruáya"	"Portuguese"
"0.022"	"LO000298T"	"SI000559T"	"HBB*C"	"HBB*C"	"HBB"	"globin gene cluster"	"HBB@"		"11"	"11p15.5"	"PO000245L"	"SA000356O"	"96"	"Cajueiro"	"Cajueiro"	"SouthAmerica"	"Kuruáya"	"Portuguese"
"0.031"	"LO000298T"	"SI000559T"	"HBB*C"	"HBB*C"	"HBB"	"globin gene cluster"	"HBB@"		"11"	"11p15.5"	"PO000246M"	"SA000357P"	"64"	"Curiepe"	"Curiepe"	"SouthAmerica"	"Curiepe"	
"0.031"	"LO000298T"	"SI000559T"	"HBB*S"	"HBB*S"	"HBB"	"globin gene cluster"	"HBB@"		"11"	"11p15.5"	"PO000246M"	"SA000357P"	"64"	"Curiepe"	"Curiepe"	"SouthAmerica"	"Curiepe"	
"0.938"	"LO000298T"	"SI000559T"	"HBB*A"	"HBB*A"	"HBB"	"globin gene cluster"	"HBB@"		"11"	"11p15.5"	"PO000246M"	"SA000357P"	"64"	"Curiepe"	"Curiepe"	"SouthAmerica"	"Curiepe"	
"0.912"	"LO000298T"	"SI000559T"	"HBB*A"	"HBB*A"	"HBB"	"globin gene cluster"	"HBB@"		"11"	"11p15.5"	"PO000245L"	"SA000356O"	"96"	"Cajueiro"	"Cajueiro"	"SouthAmerica"	"Kuruáya"	"Portuguese"
"0.31"	"LO000300D"	"SI000368R"	"2"	"2"	"SNP5-AHR"	"Aryl hydrocarbon receptor"	"AHR"	"transcription factor,receptor"	"7"	"7p15"	"PO000010B"	"SA000197R"	"156"	"Japanese American, Southern California"	"Japanese"	"EastAsia"	"Japanese"	
"0.69"	"LO000300D"	"SI000368R"	"1"	"1"	"SNP5-AHR"	"Aryl hydrocarbon receptor"	"AHR"	"transcription factor,receptor"	"7"	"7p15"	"PO000010B"	"SA000197R"	"156"	"Japanese American, Southern California"	"Japanese"	"EastAsia"	"Japanese"	
"0.49"	"LO000300D"	"SI000369S"	"T"	"T"	"T132C"	"Aryl hydrocarbon receptor"	"AHR"	"transcription factor,receptor"	"7"	"7p15"	"PO000010B"	"SA000197R"	"156"	"Japanese American, Southern California"	"Japanese"	"EastAsia"	"Japanese"	
"0.51"	"LO000300D"	"SI000369S"	"C"	"C"	"T132C"	"Aryl hydrocarbon receptor"	"AHR"	"transcription factor,receptor"	"7"	"7p15"	"PO000010B"	"SA000197R"	"156"	"Japanese American, Southern California"	"Japanese"	"EastAsia"	"Japanese"	
"0.02"	"LO000300D"	"SI000370K"	"2"	"2"	"SNP7-AHR"	"Aryl hydrocarbon receptor"	"AHR"	"transcription factor,receptor"	"7"	"7p15"	"PO000010B"	"SA000197R"	"156"	"Japanese American, Southern California"	"Japanese"	"EastAsia"	"Japanese"	
"0.98"	"LO000300D"	"SI000370K"	"1"	"1"	"SNP7-AHR"	"Aryl hydrocarbon receptor"	"AHR"	"transcription factor,receptor"	"7"	"7p15"	"PO000010B"	"SA000197R"	"156"	"Japanese American, Southern California"	"Japanese"	"EastAsia"	"Japanese"	
"0.95"	"LO000301E"	"SI000375P"	"1"	"1"	"SNP12-CHRM1"	"Cholinergic receptor, muscarinic 1"	"CHRM1"	"receptor"	"11"	"11q12-q13"	"PO000010B"	"SA000197R"	"156"	"Japanese American, Southern California"	"Japanese"	"EastAsia"	"Japanese"	
"0.05"	"LO000301E"	"SI000375P"	"2"	"2"	"SNP12-CHRM1"	"Cholinergic receptor, muscarinic 1"	"CHRM1"	"receptor"	"11"	"11q12-q13"	"PO000010B"	"SA000197R"	"156"	"Japanese American, Southern California"	"Japanese"	"EastAsia"	"Japanese"	
"0.06"	"LO000301E"	"SI000376Q"	"2"	"2"	"SNP13-CHRM1"	"Cholinergic receptor, muscarinic 1"	"CHRM1"	"receptor"	"11"	"11q12-q13"	"PO000010B"	"SA000197R"	"156"	"Japanese American, Southern California"	"Japanese"	"EastAsia"	"Japanese"	
"0.94"	"LO000301E"	"SI000376Q"	"1"	"1"	"SNP13-CHRM1"	"Cholinergic receptor, muscarinic 1"	"CHRM1"	"receptor"	"11"	"11q12-q13"	"PO000010B"	"SA000197R"	"156"	"Japanese American, Southern California"	"Japanese"	"EastAsia"	"Japanese"	
"0.01"	"LO000302F"	"SI000380L"	"2"	"2"	"SNP17-CHRM3"	"Cholinergic receptor, muscarinic 3"	"CHRM3"	"receptor"	"1"	"1q41-q44"	"PO000010B"	"SA000197R"	"156"	"Japanese American, Southern California"	"Japanese"	"EastAsia"	"Japanese"	
"0.99"	"LO000302F"	"SI000380L"	"1"	"1"	"SNP17-CHRM3"	"Cholinergic receptor, muscarinic 3"	"CHRM3"	"receptor"	"1"	"1q41-q44"	"PO000010B"	"SA000197R"	"156"	"Japanese American, Southern California"	"Japanese"	"EastAsia"	"Japanese"	
"0.41"	"LO000302F"	"SI000381M"	"1"	"1"	"SNP18-CHRM3"	"Cholinergic receptor, muscarinic 3"	"CHRM3"	"receptor"	"1"	"1q41-q44"	"PO000010B"	"SA000197R"	"156"	"Japanese American, Southern California"	"Japanese"	"EastAsia"	"Japanese"	
"0.59"	"LO000302F"	"SI000381M"	"2"	"2"	"SNP18-CHRM3"	"Cholinergic receptor, muscarinic 3"	"CHRM3"	"receptor"	"1"	"1q41-q44"	"PO000010B"	"SA000197R"	"156"	"Japanese American, Southern California"	"Japanese"	"EastAsia"	"Japanese"	
"0.03"	"LO000303G"	"SI000382N"	"2"	"2"	"SNP19-CYP1A2"	"Cytochrome P450, family 1, subfamily A, polypeptide 2"	"CYP1A2"	"oxygenase,catalysor"	"15"	"15q22-qter"	"PO000010B"	"SA000197R"	"156"	"Japanese American, Southern California"	"Japanese"	"EastAsia"	"Japanese"	
"0.97"	"LO000303G"	"SI000382N"	"1"	"1"	"SNP19-CYP1A2"	"Cytochrome P450, family 1, subfamily A, polypeptide 2"	"CYP1A2"	"oxygenase,catalysor"	"15"	"15q22-qter"	"PO000010B"	"SA000197R"	"156"	"Japanese American, Southern California"	"Japanese"	"EastAsia"	"Japanese"	
"0.84"	"LO000303G"	"SI000385Q"	"2"	"2"	"SNP22-CYP1A2"	"Cytochrome P450, family 1, subfamily A, polypeptide 2"	"CYP1A2"	"oxygenase,catalysor"	"15"	"15q22-qter"	"PO000010B"	"SA000197R"	"156"	"Japanese American, Southern California"	"Japanese"	"EastAsia"	"Japanese"	
"0.16"	"LO000303G"	"SI000385Q"	"1"	"1"	"SNP22-CYP1A2"	"Cytochrome P450, family 1, subfamily A, polypeptide 2"	"CYP1A2"	"oxygenase,catalysor"	"15"	"15q22-qter"	"PO000010B"	"SA000197R"	"156"	"Japanese American, Southern California"	"Japanese"	"EastAsia"	"Japanese"	
"0.96"	"LO000304H"	"SI000387S"	"A"	"A"	"Ile359Leu"	"Cytochrome P450, family 2, subfamily C, polypeptide 9"	"CYP2C9"	"oxygenase,catalysor"	"10"	"10q24.1"	"PO000010B"	"SA000197R"	"156"	"Japanese American, Southern California"	"Japanese"	"EastAsia"	"Japanese"	
"0.04"	"LO000304H"	"SI000387S"	"C"	"C"	"Ile359Leu"	"Cytochrome P450, family 2, subfamily C, polypeptide 9"	"CYP2C9"	"oxygenase,catalysor"	"10"	"10q24.1"	"PO000010B"	"SA000197R"	"156"	"Japanese American, Southern California"	"Japanese"	"EastAsia"	"Japanese"	
"0.2"	"LO000305I"	"SI000389U"	"A"	"A"	"G12A"	"Cytochrome P450, family 3, subfamily A, polypeptide 4"	"CYP3A4"	"oxygenase,catalysor"	"7"	"7q21.1"	"PO000010B"	"SA000197R"	"156"	"Japanese American, Southern California"	"Japanese"	"EastAsia"	"Japanese"	
"0.8"	"LO000305I"	"SI000389U"	"G"	"G"	"G12A"	"Cytochrome P450, family 3, subfamily A, polypeptide 4"	"CYP3A4"	"oxygenase,catalysor"	"7"	"7q21.1"	"PO000010B"	"SA000197R"	"156"	"Japanese American, Southern California"	"Japanese"	"EastAsia"	"Japanese"	
"0.8"	"LO000306J"	"SI000394Q"	"A"	"A"	"His139Arg"	"Epoxide hydrolase 1, microsomal (xenobiotic)"	"EPHX1"	"hydrolase,activator,detoxificator"	"1"	"1q42.1"	"PO000010B"	"SA000197R"	"156"	"Japanese American, Southern California"	"Japanese"	"EastAsia"	"Japanese"	
"0.2"	"LO000306J"	"SI000394Q"	"G"	"G"	"His139Arg"	"Epoxide hydrolase 1, microsomal (xenobiotic)"	"EPHX1"	"hydrolase,activator,detoxificator"	"1"	"1q42.1"	"PO000010B"	"SA000197R"	"156"	"Japanese American, Southern California"	"Japanese"	"EastAsia"	"Japanese"	
"0.44"	"LO000306J"	"SI000395R"	"C"	"C"	"Tyr113His"	"Epoxide hydrolase 1, microsomal (xenobiotic)"	"EPHX1"	"hydrolase,activator,detoxificator"	"1"	"1q42.1"	"PO000010B"	"SA000197R"	"156"	"Japanese American, Southern California"	"Japanese"	"EastAsia"	"Japanese"	
"0.56"	"LO000306J"	"SI000395R"	"T"	"T"	"Tyr113His"	"Epoxide hydrolase 1, microsomal (xenobiotic)"	"EPHX1"	"hydrolase,activator,detoxificator"	"1"	"1q42.1"	"PO000010B"	"SA000197R"	"156"	"Japanese American, Southern California"	"Japanese"	"EastAsia"	"Japanese"	
"0.67"	"LO000307K"	"SI000396S"	"1"	"1"	"SNP33-HNMT"	"Histamine N-methyltransferase"	"HNMT"	"catalysor,methylation"	"2"	"2q21.2-q21.3"	"PO000010B"	"SA000197R"	"156"	"Japanese American, Southern California"	"Japanese"	"EastAsia"	"Japanese"	
"0.33"	"LO000307K"	"SI000396S"	"2"	"2"	"SNP33-HNMT"	"Histamine N-methyltransferase"	"HNMT"	"catalysor,methylation"	"2"	"2q21.2-q21.3"	"PO000010B"	"SA000197R"	"156"	"Japanese American, Southern California"	"Japanese"	"EastAsia"	"Japanese"	
"0.04"	"LO000307K"	"SI000397T"	"2"	"2"	"SNP34-HNMT"	"Histamine N-methyltransferase"	"HNMT"	"catalysor,methylation"	"2"	"2q21.2-q21.3"	"PO000010B"	"SA000197R"	"156"	"Japanese American, Southern California"	"Japanese"	"EastAsia"	"Japanese"	
"0.96"	"LO000307K"	"SI000397T"	"1"	"1"	"SNP34-HNMT"	"Histamine N-methyltransferase"	"HNMT"	"catalysor,methylation"	"2"	"2q21.2-q21.3"	"PO000010B"	"SA000197R"	"156"	"Japanese American, Southern California"	"Japanese"	"EastAsia"	"Japanese"	
"0.66"	"LO000309M"	"SI000400E"	"1"	"1"	"SNP37-KLK2"	"Kallikrein 2, prostatic"	"KLK2"	"protease"	"19"	"19q13.2-q13.4"	"PO000010B"	"SA000197R"	"156"	"Japanese American, Southern California"	"Japanese"	"EastAsia"	"Japanese"	
"0.34"	"LO000309M"	"SI000400E"	"2"	"2"	"SNP37-KLK2"	"Kallikrein 2, prostatic"	"KLK2"	"protease"	"19"	"19q13.2-q13.4"	"PO000010B"	"SA000197R"	"156"	"Japanese American, Southern California"	"Japanese"	"EastAsia"	"Japanese"	
"0.27"	"LO000309M"	"SI000401F"	"2"	"2"	"SNP38-KLK2"	"Kallikrein 2, prostatic"	"KLK2"	"protease"	"19"	"19q13.2-q13.4"	"PO000010B"	"SA000197R"	"156"	"Japanese American, Southern California"	"Japanese"	"EastAsia"	"Japanese"	
"0.73"	"LO000309M"	"SI000401F"	"1"	"1"	"SNP38-KLK2"	"Kallikrein 2, prostatic"	"KLK2"	"protease"	"19"	"19q13.2-q13.4"	"PO000010B"	"SA000197R"	"156"	"Japanese American, Southern California"	"Japanese"	"EastAsia"	"Japanese"	
"0.01"	"LO000309M"	"SI000402G"	"2"	"2"	"SNP39-KLK2"	"Kallikrein 2, prostatic"	"KLK2"	"protease"	"19"	"19q13.2-q13.4"	"PO000010B"	"SA000197R"	"156"	"Japanese American, Southern California"	"Japanese"	"EastAsia"	"Japanese"	
"0.99"	"LO000309M"	"SI000402G"	"1"	"1"	"SNP39-KLK2"	"Kallikrein 2, prostatic"	"KLK2"	"protease"	"19"	"19q13.2-q13.4"	"PO000010B"	"SA000197R"	"156"	"Japanese American, Southern California"	"Japanese"	"EastAsia"	"Japanese"	
"0.17"	"LO000311F"	"SI000405J"	"A"	"A"	"Arg197Gln"	"N-acetyltransferase 2 (arylamine N-acetyltransferase)"	"NAT2"	"activator,deactivator"	"8"	"p22"	"PO000010B"	"SA000197R"	"156"	"Japanese American, Southern California"	"Japanese"	"EastAsia"	"Japanese"	
"0.83"	"LO000311F"	"SI000405J"	"G"	"G"	"Arg197Gln"	"N-acetyltransferase 2 (arylamine N-acetyltransferase)"	"NAT2"	"activator,deactivator"	"8"	"p22"	"PO000010B"	"SA000197R"	"156"	"Japanese American, Southern California"	"Japanese"	"EastAsia"	"Japanese"	
"0.11"	"LO000311F"	"SI000407L"	"A"	"A"	"Gly286Glu"	"N-acetyltransferase 2 (arylamine N-acetyltransferase)"	"NAT2"	"activator,deactivator"	"8"	"p22"	"PO000010B"	"SA000197R"	"156"	"Japanese American, Southern California"	"Japanese"	"EastAsia"	"Japanese"	
"0.89"	"LO000311F"	"SI000407L"	"G"	"G"	"Gly286Glu"	"N-acetyltransferase 2 (arylamine N-acetyltransferase)"	"NAT2"	"activator,deactivator"	"8"	"p22"	"PO000010B"	"SA000197R"	"156"	"Japanese American, Southern California"	"Japanese"	"EastAsia"	"Japanese"	
"0.03"	"LO000311F"	"SI000408M"	"C"	"C"	"Ile114Thr"	"N-acetyltransferase 2 (arylamine N-acetyltransferase)"	"NAT2"	"activator,deactivator"	"8"	"p22"	"PO000010B"	"SA000197R"	"156"	"Japanese American, Southern California"	"Japanese"	"EastAsia"	"Japanese"	
"0.97"	"LO000311F"	"SI000408M"	"T"	"T"	"Ile114Thr"	"N-acetyltransferase 2 (arylamine N-acetyltransferase)"	"NAT2"	"activator,deactivator"	"8"	"p22"	"PO000010B"	"SA000197R"	"156"	"Japanese American, Southern California"	"Japanese"	"EastAsia"	"Japanese"	
"0.16"	"LO000324J"	"SI000480M"	"*Ile, *m1"	"*Ile, *m1"	"2-site haplotype (exon 7 Ile462Val , T6235C)"	"Cytochrome P450, family 1, subfamily A, polypeptide 1"	"CYP1A1"	"oxygenase,catalysor"	"15"	"15q22-q24"	"PO000128L"	"SA000150G"	"56"	"Wai-Wai"	"Wai-Wai"	"SouthAmerica"	"Waiwai"	
"0.71"	"LO000324J"	"SI000480M"	"*Val, *m2"	"*Val, *m2"	"2-site haplotype (exon 7 Ile462Val , T6235C)"	"Cytochrome P450, family 1, subfamily A, polypeptide 1"	"CYP1A1"	"oxygenase,catalysor"	"15"	"15q22-q24"	"PO000125I"	"SA000200C"	"60"	"Zoro"	"Zoro"	"SouthAmerica"	"Gaviao, zoro"	
"0.05"	"LO000324J"	"SI000480M"	"*Val, *m1"	"*Val, *m1"	"2-site haplotype (exon 7 Ile462Val , T6235C)"	"Cytochrome P450, family 1, subfamily A, polypeptide 1"	"CYP1A1"	"oxygenase,catalysor"	"15"	"15q22-q24"	"PO000125I"	"SA000200C"	"60"	"Zoro"	"Zoro"	"SouthAmerica"	"Gaviao, zoro"	
"0.16"	"LO000324J"	"SI000480M"	"*Ile, *m2"	"*Ile, *m2"	"2-site haplotype (exon 7 Ile462Val , T6235C)"	"Cytochrome P450, family 1, subfamily A, polypeptide 1"	"CYP1A1"	"oxygenase,catalysor"	"15"	"15q22-q24"	"PO000128L"	"SA000150G"	"56"	"Wai-Wai"	"Wai-Wai"	"SouthAmerica"	"Waiwai"	
"0.05"	"LO000324J"	"SI000480M"	"*Val, *m1"	"*Val, *m1"	"2-site haplotype (exon 7 Ile462Val , T6235C)"	"Cytochrome P450, family 1, subfamily A, polypeptide 1"	"CYP1A1"	"oxygenase,catalysor"	"15"	"15q22-q24"	"PO000128L"	"SA000150G"	"56"	"Wai-Wai"	"Wai-Wai"	"SouthAmerica"	"Waiwai"	
"0.63"	"LO000324J"	"SI000480M"	"*Val, *m2"	"*Val, *m2"	"2-site haplotype (exon 7 Ile462Val , T6235C)"	"Cytochrome P450, family 1, subfamily A, polypeptide 1"	"CYP1A1"	"oxygenase,catalysor"	"15"	"15q22-q24"	"PO000128L"	"SA000150G"	"56"	"Wai-Wai"	"Wai-Wai"	"SouthAmerica"	"Waiwai"	
"0.16"	"LO000324J"	"SI000480M"	"*Ile, *m2"	"*Ile, *m2"	"2-site haplotype (exon 7 Ile462Val , T6235C)"	"Cytochrome P450, family 1, subfamily A, polypeptide 1"	"CYP1A1"	"oxygenase,catalysor"	"15"	"15q22-q24"	"PO000125I"	"SA000200C"	"60"	"Zoro"	"Zoro"	"SouthAmerica"	"Gaviao, zoro"	
"0.08"	"LO000324J"	"SI000480M"	"*Ile, *m1"	"*Ile, *m1"	"2-site haplotype (exon 7 Ile462Val , T6235C)"	"Cytochrome P450, family 1, subfamily A, polypeptide 1"	"CYP1A1"	"oxygenase,catalysor"	"15"	"15q22-q24"	"PO000125I"	"SA000200C"	"60"	"Zoro"	"Zoro"	"SouthAmerica"	"Gaviao, zoro"	
"0.965"	"LO000330G"	"SI000493Q"	"1"	"1"	"PGP"	"Phosphoglycolate phosphatase"	"PGP"	"hydrolase,catalysor"	"16"	"16p13.3"	"PO000164L"	"SA000239O"	"142"	"Sephardi Jews, Greece and Turkey"	"Jews, Sephardic"	"Europe"	"Ladino"	
"0.021"	"LO000330G"	"SI000493Q"	"2"	"2"	"PGP"	"Phosphoglycolate phosphatase"	"PGP"	"hydrolase,catalysor"	"16"	"16p13.3"	"PO000164L"	"SA000239O"	"142"	"Sephardi Jews, Greece and Turkey"	"Jews, Sephardic"	"Europe"	"Ladino"	
"0.014"	"LO000330G"	"SI000493Q"	"3"	"3"	"PGP"	"Phosphoglycolate phosphatase"	"PGP"	"hydrolase,catalysor"	"16"	"16p13.3"	"PO000164L"	"SA000239O"	"142"	"Sephardi Jews, Greece and Turkey"	"Jews, Sephardic"	"Europe"	"Ladino"	
"0.019"	"LO000331H"	"SI000494R"	"265"	"265"	"D12S67"	"D12S67"	"D12S67"		"12"	"12q14"	"PO000166N"	"SA000250H"	"154"	"Manado"	"Manado"	"EastAsia"	"Malay, menadonese"	
"0.039"	"LO000331H"	"SI000494R"	"269"	"269"	"D12S67"	"D12S67"	"D12S67"		"12"	"12q14"	"PO000166N"	"SA000250H"	"154"	"Manado"	"Manado"	"EastAsia"	"Malay, menadonese"	
"0.273"	"LO000331H"	"SI000494R"	"249"	"249"	"D12S67"	"D12S67"	"D12S67"		"12"	"12q14"	"PO000166N"	"SA000250H"	"154"	"Manado"	"Manado"	"EastAsia"	"Malay, menadonese"	
"0.026"	"LO000331H"	"SI000494R"	"233"	"233"	"D12S67"	"D12S67"	"D12S67"		"12"	"12q14"	"PO000166N"	"SA000250H"	"154"	"Manado"	"Manado"	"EastAsia"	"Malay, menadonese"	
"0.007"	"LO000331H"	"SI000494R"	"237"	"237"	"D12S67"	"D12S67"	"D12S67"		"12"	"12q14"	"PO000166N"	"SA000250H"	"154"	"Manado"	"Manado"	"EastAsia"	"Malay, menadonese"	
"0.039"	"LO000331H"	"SI000494R"	"245"	"245"	"D12S67"	"D12S67"	"D12S67"		"12"	"12q14"	"PO000166N"	"SA000250H"	"154"	"Manado"	"Manado"	"EastAsia"	"Malay, menadonese"	
"0.369"	"LO000331H"	"SI000494R"	"253"	"253"	"D12S67"	"D12S67"	"D12S67"		"12"	"12q14"	"PO000166N"	"SA000250H"	"154"	"Manado"	"Manado"	"EastAsia"	"Malay, menadonese"	
"0.117"	"LO000331H"	"SI000494R"	"257"	"257"	"D12S67"	"D12S67"	"D12S67"		"12"	"12q14"	"PO000166N"	"SA000250H"	"154"	"Manado"	"Manado"	"EastAsia"	"Malay, menadonese"	
"0.091"	"LO000331H"	"SI000494R"	"261"	"261"	"D12S67"	"D12S67"	"D12S67"		"12"	"12q14"	"PO000166N"	"SA000250H"	"154"	"Manado"	"Manado"	"EastAsia"	"Malay, menadonese"	
"0.013"	"LO000331H"	"SI000494R"	"273"	"273"	"D12S67"	"D12S67"	"D12S67"		"12"	"12q14"	"PO000166N"	"SA000250H"	"154"	"Manado"	"Manado"	"EastAsia"	"Malay, menadonese"	
"0.007"	"LO000331H"	"SI000494R"	"241"	"241"	"D12S67"	"D12S67"	"D12S67"		"12"	"12q14"	"PO000166N"	"SA000250H"	"154"	"Manado"	"Manado"	"EastAsia"	"Malay, menadonese"	
"0.05"	"LO000335L"	"SI000499W"	"CAT 1"	"CAT 1"	"CAT"	"Catalase"	"CAT"	"catalase"	"11"	"11p13"	"PO000186P"	"SA000272L"	"100"	"San Salvador de Jujuy"	"San Salvador de Jujuy"	"SouthAmerica"	"Spanish"	"English"
"0.94"	"LO000335L"	"SI000499W"	"CAT 2"	"CAT 2"	"CAT"	"Catalase"	"CAT"	"catalase"	"11"	"11p13"	"PO000186P"	"SA000272L"	"100"	"San Salvador de Jujuy"	"San Salvador de Jujuy"	"SouthAmerica"	"Spanish"	"English"
"0.01"	"LO000335L"	"SI000499W"	"CAT 3"	"CAT 3"	"CAT"	"Catalase"	"CAT"	"catalase"	"11"	"11p13"	"PO000186P"	"SA000272L"	"100"	"San Salvador de Jujuy"	"San Salvador de Jujuy"	"SouthAmerica"	"Spanish"	"English"
"0.018"	"LO000336M"	"SI000500F"	"TF B"	"TF B"	"TF"	"Transferrin"	"TF"	"Iron-binding"	"3"	"3q21"	"PO000247N"	"SA000358Q"	"58"	"Birongo"	"Birongo"	"SouthAmerica"	"Birongo"	
"0.033"	"LO000336M"	"SI000500F"	"TF B"	"TF B"	"TF"	"Transferrin"	"TF"	"Iron-binding"	"3"	"3q21"	"PO000246M"	"SA000357P"	"64"	"Curiepe"	"Curiepe"	"SouthAmerica"	"Curiepe"	
"0.934"	"LO000336M"	"SI000500F"	"TF C"	"TF C"	"TF"	"Transferrin"	"TF"	"Iron-binding"	"3"	"3q21"	"PO000246M"	"SA000357P"	"64"	"Curiepe"	"Curiepe"	"SouthAmerica"	"Curiepe"	
"0.033"	"LO000336M"	"SI000500F"	"TF D"	"TF D"	"TF"	"Transferrin"	"TF"	"Iron-binding"	"3"	"3q21"	"PO000246M"	"SA000357P"	"64"	"Curiepe"	"Curiepe"	"SouthAmerica"	"Curiepe"	
"0.029"	"LO000336M"	"SI000500F"	"TF B"	"TF B"	"TF"	"Transferrin"	"TF"	"Iron-binding"	"3"	"3q21"	"PO000188R"	"SA000274N"	"100"	"Abra Pampa"	"Abra Pampa"	"SouthAmerica"	"Abra"	
"0.015"	"LO000336M"	"SI000500F"	"TF D"	"TF D"	"TF"	"Transferrin"	"TF"	"Iron-binding"	"3"	"3q21"	"PO000188R"	"SA000274N"	"100"	"Abra Pampa"	"Abra Pampa"	"SouthAmerica"	"Abra"	
"0.025"	"LO000336M"	"SI000500F"	"TF D"	"TF D"	"TF"	"Transferrin"	"TF"	"Iron-binding"	"3"	"3q21"	"PO000248O"	"SA000359R"	"76"	"Sotillo"	"Sotillo"	"SouthAmerica"	"Sotillo"	
"0.962"	"LO000336M"	"SI000500F"	"TF C"	"TF C"	"TF"	"Transferrin"	"TF"	"Iron-binding"	"3"	"3q21"	"PO000248O"	"SA000359R"	"76"	"Sotillo"	"Sotillo"	"SouthAmerica"	"Sotillo"	
"0.013"	"LO000336M"	"SI000500F"	"TF B"	"TF B"	"TF"	"Transferrin"	"TF"	"Iron-binding"	"3"	"3q21"	"PO000248O"	"SA000359R"	"76"	"Sotillo"	"Sotillo"	"SouthAmerica"	"Sotillo"	
"0.018"	"LO000336M"	"SI000500F"	"TF D"	"TF D"	"TF"	"Transferrin"	"TF"	"Iron-binding"	"3"	"3q21"	"PO000247N"	"SA000358Q"	"58"	"Birongo"	"Birongo"	"SouthAmerica"	"Birongo"	
"0.964"	"LO000336M"	"SI000500F"	"TF C"	"TF C"	"TF"	"Transferrin"	"TF"	"Iron-binding"	"3"	"3q21"	"PO000247N"	"SA000358Q"	"58"	"Birongo"	"Birongo"	"SouthAmerica"	"Birongo"	
"0.956"	"LO000336M"	"SI000500F"	"TF C"	"TF C"	"TF"	"Transferrin"	"TF"	"Iron-binding"	"3"	"3q21"	"PO000188R"	"SA000274N"	"100"	"Abra Pampa"	"Abra Pampa"	"SouthAmerica"	"Abra"	
"0.99"	"LO000338O"	"SI000642M"	"G6PD*B"	"G6PD*B"	"G6PD"	"Glucose-6-phosphate dehydrogenase"	"G6PD"	"catalysor,dehydrogenase"	"X"	"Xq28"	"PO000188R"	"SA000274N"	"100"	"Abra Pampa"	"Abra Pampa"	"SouthAmerica"	"Abra"	
"0.057"	"LO000338O"	"SI000642M"	"G6PD*A"	"G6PD*A"	"G6PD"	"Glucose-6-phosphate dehydrogenase"	"G6PD"	"catalysor,dehydrogenase"	"X"	"Xq28"	"PO000245L"	"SA000356O"	"96"	"Cajueiro"	"Cajueiro"	"SouthAmerica"	"Kuruáya"	"Portuguese"
"0.011"	"LO000338O"	"SI000642M"	"G6PD*A-"	"G6PD*A-"	"G6PD"	"Glucose-6-phosphate dehydrogenase"	"G6PD"	"catalysor,dehydrogenase"	"X"	"Xq28"	"PO000245L"	"SA000356O"	"96"	"Cajueiro"	"Cajueiro"	"SouthAmerica"	"Kuruáya"	"Portuguese"
"0.01"	"LO000338O"	"SI000642M"	"G6PD*A"	"G6PD*A"	"G6PD"	"Glucose-6-phosphate dehydrogenase"	"G6PD"	"catalysor,dehydrogenase"	"X"	"Xq28"	"PO000188R"	"SA000274N"	"100"	"Abra Pampa"	"Abra Pampa"	"SouthAmerica"	"Abra"	
"0.932"	"LO000338O"	"SI000642M"	"G6PD*B"	"G6PD*B"	"G6PD"	"Glucose-6-phosphate dehydrogenase"	"G6PD"	"catalysor,dehydrogenase"	"X"	"Xq28"	"PO000245L"	"SA000356O"	"96"	"Cajueiro"	"Cajueiro"	"SouthAmerica"	"Kuruáya"	"Portuguese"
"0.015"	"LO000339P"	"SI000615M"	"PGM1*Var"	"PGM1*Var"	"PGM1"	"Phosphoglucomutase 1"	"PGM1"	"catalysor,mutase"	"1"	"1p22.1"	"PO000296R"	"SA000419O"	"256"	"Upper Garfagnana"	"Garfagnana"	"Europe"	"Italian"	
"0.266"	"LO000339P"	"SI000615M"	"PGM1*2A"	"PGM1*2A"	"PGM1"	"Phosphoglucomutase 1"	"PGM1"	"catalysor,mutase"	"1"	"1p22.1"	"PO000296R"	"SA000419O"	"256"	"Upper Garfagnana"	"Garfagnana"	"Europe"	"Italian"	
"0.156"	"LO000339P"	"SI000615M"	"PGM1*1B"	"PGM1*1B"	"PGM1"	"Phosphoglucomutase 1"	"PGM1"	"catalysor,mutase"	"1"	"1p22.1"	"PO000296R"	"SA000419O"	"256"	"Upper Garfagnana"	"Garfagnana"	"Europe"	"Italian"	
"0.469"	"LO000339P"	"SI000615M"	"PGM1*1A"	"PGM1*1A"	"PGM1"	"Phosphoglucomutase 1"	"PGM1"	"catalysor,mutase"	"1"	"1p22.1"	"PO000296R"	"SA000419O"	"256"	"Upper Garfagnana"	"Garfagnana"	"Europe"	"Italian"	
"0.094"	"LO000339P"	"SI000615M"	"PGM1*2B"	"PGM1*2B"	"PGM1"	"Phosphoglucomutase 1"	"PGM1"	"catalysor,mutase"	"1"	"1p22.1"	"PO000296R"	"SA000419O"	"256"	"Upper Garfagnana"	"Garfagnana"	"Europe"	"Italian"	
"0.424"	"LO000368R"	"SI000620I"	"ORM1*F1"	"ORM1*F1"	"ORM1"	"Orosomucoid 1"	"ORM1"	"carrier"	"9"	"9q31-qter"	"PO000296R"	"SA000419O"	"256"	"Upper Garfagnana"	"Garfagnana"	"Europe"	"Italian"	
"0.589"	"LO000368R"	"SI000620I"	"ORM1*F1"	"ORM1*F1"	"ORM1"	"Orosomucoid 1"	"ORM1"	"carrier"	"9"	"9q31-qter"	"PO000296R"	"SA000423J"	"206"	"Western Garfagnana"	"Garfagnana"	"Europe"	"Italian"	
"0.393"	"LO000368R"	"SI000620I"	"ORM1*S"	"ORM1*S"	"ORM1"	"Orosomucoid 1"	"ORM1"	"carrier"	"9"	"9q31-qter"	"PO000296R"	"SA000423J"	"206"	"Western Garfagnana"	"Garfagnana"	"Europe"	"Italian"	
"0.546"	"LO000368R"	"SI000620I"	"ORM1*S"	"ORM1*S"	"ORM1"	"Orosomucoid 1"	"ORM1"	"carrier"	"9"	"9q31-qter"	"PO000296R"	"SA000419O"	"256"	"Upper Garfagnana"	"Garfagnana"	"Europe"	"Italian"	
"0.018"	"LO000368R"	"SI000620I"	"ORM1*F2"	"ORM1*F2"	"ORM1"	"Orosomucoid 1"	"ORM1"	"carrier"	"9"	"9q31-qter"	"PO000296R"	"SA000423J"	"206"	"Western Garfagnana"	"Garfagnana"	"Europe"	"Italian"	
"0.03"	"LO000368R"	"SI000620I"	"ORM1*F2"	"ORM1*F2"	"ORM1"	"Orosomucoid 1"	"ORM1"	"carrier"	"9"	"9q31-qter"	"PO000296R"	"SA000419O"	"256"	"Upper Garfagnana"	"Garfagnana"	"Europe"	"Italian"	
"0.015"	"LO000369S"	"SI000627P"	"4"	"4"	"AHSG"	"Alpha-2-HS-glycoprotein"	"AHSG"	"protein binding,growth factor"	"3"	"3q27-q29"	"PO000296R"	"SA000419O"	"256"	"Upper Garfagnana"	"Garfagnana"	"Europe"	"Italian"	
"0.788"	"LO000369S"	"SI000627P"	"1"	"1"	"AHSG"	"Alpha-2-HS-glycoprotein"	"AHSG"	"protein binding,growth factor"	"3"	"3q27-q29"	"PO000296R"	"SA000419O"	"256"	"Upper Garfagnana"	"Garfagnana"	"Europe"	"Italian"	
"0.677"	"LO000369S"	"SI000627P"	"1"	"1"	"AHSG"	"Alpha-2-HS-glycoprotein"	"AHSG"	"protein binding,growth factor"	"3"	"3q27-q29"	"PO000296R"	"SA000421H"	"188"	"Castelnuovo"	"Garfagnana"	"Europe"	"Italian"	
"0.307"	"LO000369S"	"SI000627P"	"2"	"2"	"AHSG"	"Alpha-2-HS-glycoprotein"	"AHSG"	"protein binding,growth factor"	"3"	"3q27-q29"	"PO000296R"	"SA000421H"	"188"	"Castelnuovo"	"Garfagnana"	"Europe"	"Italian"	
"0.197"	"LO000369S"	"SI000627P"	"2"	"2"	"AHSG"	"Alpha-2-HS-glycoprotein"	"AHSG"	"protein binding,growth factor"	"3"	"3q27-q29"	"PO000296R"	"SA000419O"	"256"	"Upper Garfagnana"	"Garfagnana"	"Europe"	"Italian"	
"0.016"	"LO000369S"	"SI000627P"	"4"	"4"	"AHSG"	"Alpha-2-HS-glycoprotein"	"AHSG"	"protein binding,growth factor"	"3"	"3q27-q29"	"PO000296R"	"SA000421H"	"188"	"Castelnuovo"	"Garfagnana"	"Europe"	"Italian"	
"0.239"	"LO000370K"	"SI000650L"	"C6*B"	"C6*B"	"C6"	"Complement component 6"	"C6"		"5"	"5p13"	"PO000213G"	"SA000318M"	"186"	"Turkish"	"Turks"	"Asia"	"Turkish"	
"0.754"	"LO000370K"	"SI000650L"	"C6*A"	"C6*A"	"C6"	"Complement component 6"	"C6"		"5"	"5p13"	"PO000213G"	"SA000318M"	"186"	"Turkish"	"Turks"	"Asia"	"Turkish"	
"0.007"	"LO000370K"	"SI000650L"	"C6*var"	"C6*var"	"C6"	"Complement component 6"	"C6"		"5"	"5p13"	"PO000213G"	"SA000318M"	"186"	"Turkish"	"Turks"	"Asia"	"Turkish"	
"0.052"	"LO000376Q"	"SI000562N"	"CP*D"	"CP*D"	"CP"	"Ceruloplasmin (ferroxidase)"	"CP"	"carrier"	"3"	"3q23-q25"	"PO000245L"	"SA000356O"	"96"	"Cajueiro"	"Cajueiro"	"SouthAmerica"	"Kuruáya"	"Portuguese"
"0.114"	"LO000376Q"	"SI000562N"	"CP*A"	"CP*A"	"CP"	"Ceruloplasmin (ferroxidase)"	"CP"	"carrier"	"3"	"3q23-q25"	"PO000245L"	"SA000356O"	"96"	"Cajueiro"	"Cajueiro"	"SouthAmerica"	"Kuruáya"	"Portuguese"
"0.834"	"LO000376Q"	"SI000562N"	"CP*B"	"CP*B"	"CP"	"Ceruloplasmin (ferroxidase)"	"CP"	"carrier"	"3"	"3q23-q25"	"PO000245L"	"SA000356O"	"96"	"Cajueiro"	"Cajueiro"	"SouthAmerica"	"Kuruáya"	"Portuguese"
"0.425"	"LO000391N"	"SI000598W"	"*2"	"*2"	"GPT"	"Glutamic-pyruvate transaminase (alanine aminotransferase)"	"GPT"	"catalysor,transaminase"	"8"	"8q24.2-qter"	"PO000295Q"	"SA000412H"	"190"	"Lambadi"	"Lambadi"	"Asia"	"Lambadi"	
"0.575"	"LO000391N"	"SI000598W"	"*1"	"*1"	"GPT"	"Glutamic-pyruvate transaminase (alanine aminotransferase)"	"GPT"	"catalysor,transaminase"	"8"	"8q24.2-qter"	"PO000295Q"	"SA000412H"	"190"	"Lambadi"	"Lambadi"	"Asia"	"Lambadi"	
"0.909"	"LO000392O"	"SI000638R"	"S"	"S"	"C3"	"Complement component 3"	"C3"		"19"	"19p13.3-p13.2"	"PO000295Q"	"SA000412H"	"190"	"Lambadi"	"Lambadi"	"Asia"	"Lambadi"	
"0.091"	"LO000392O"	"SI000638R"	"F"	"F"	"C3"	"Complement component 3"	"C3"		"19"	"19p13.3-p13.2"	"PO000295Q"	"SA000412H"	"190"	"Lambadi"	"Lambadi"	"Asia"	"Lambadi"	
"0.74"	"LO000393P"	"SI000602I"	"MseI Site Absent"	"1"	"5' MseI"	"Coagulation factor IX (plasma thromboplastic component, Christmas disease, hemophilia B)"	"F9"	"blood coagulation"	"X"	"Xq26.3-q27.1"	"PO000132G"	"SA000154K"	"40"	"Wayampi"	"Wayampi"	"SouthAmerica"	"Wayampi"	
"0.26"	"LO000393P"	"SI000602I"	"MseI Site Present"	"2"	"5' MseI"	"Coagulation factor IX (plasma thromboplastic component, Christmas disease, hemophilia B)"	"F9"	"blood coagulation"	"X"	"Xq26.3-q27.1"	"PO000132G"	"SA000154K"	"40"	"Wayampi"	"Wayampi"	"SouthAmerica"	"Wayampi"	
"0.06"	"LO000393P"	"SI000604K"	"A"	"A"	"intron 1 DdeI"	"Coagulation factor IX (plasma thromboplastic component, Christmas disease, hemophilia B)"	"F9"	"blood coagulation"	"X"	"Xq26.3-q27.1"	"PO000129M"	"SA000415K"	"40"	"Yanomami"	"Yanomami"	"SouthAmerica"	"Yanomami"	
"0.94"	"LO000393P"	"SI000604K"	"AB"	"AB"	"intron 1 DdeI"	"Coagulation factor IX (plasma thromboplastic component, Christmas disease, hemophilia B)"	"F9"	"blood coagulation"	"X"	"Xq26.3-q27.1"	"PO000129M"	"SA000415K"	"40"	"Yanomami"	"Yanomami"	"SouthAmerica"	"Yanomami"	
"0.78"	"LO000393P"	"SI000608O"	"MspI Site Present"	"2"	"intron 4 MspI"	"Coagulation factor IX (plasma thromboplastic component, Christmas disease, hemophilia B)"	"F9"	"blood coagulation"	"X"	"Xq26.3-q27.1"	"PO000132G"	"SA000154K"	"40"	"Wayampi"	"Wayampi"	"SouthAmerica"	"Wayampi"	
"0.22"	"LO000393P"	"SI000608O"	"MspI Site Absent"	"1"	"intron 4 MspI"	"Coagulation factor IX (plasma thromboplastic component, Christmas disease, hemophilia B)"	"F9"	"blood coagulation"	"X"	"Xq26.3-q27.1"	"PO000132G"	"SA000154K"	"40"	"Wayampi"	"Wayampi"	"SouthAmerica"	"Wayampi"	
"0.75"	"LO000401F"	"SI000568T"	"194"	"194"	"DXS548 Dinucleotide Repeat (version 1)"	"Fragile X mental retardation 1"	"FMR1"	"growth factor"	"X"	"Xq27.3"	"PO000136K"	"SA000373N"	"126"	"Athens"	"Greeks"	"Europe"	"Greek"	
"0.111"	"LO000401F"	"SI000568T"	"196"	"196"	"DXS548 Dinucleotide Repeat (version 1)"	"Fragile X mental retardation 1"	"FMR1"	"growth factor"	"X"	"Xq27.3"	"PO000136K"	"SA000373N"	"126"	"Athens"	"Greeks"	"Europe"	"Greek"	
"0.028"	"LO000401F"	"SI000568T"	"200"	"200"	"DXS548 Dinucleotide Repeat (version 1)"	"Fragile X mental retardation 1"	"FMR1"	"growth factor"	"X"	"Xq27.3"	"PO000136K"	"SA000373N"	"126"	"Athens"	"Greeks"	"Europe"	"Greek"	
"0.055"	"LO000401F"	"SI000568T"	"204"	"204"	"DXS548 Dinucleotide Repeat (version 1)"	"Fragile X mental retardation 1"	"FMR1"	"growth factor"	"X"	"Xq27.3"	"PO000136K"	"SA000373N"	"126"	"Athens"	"Greeks"	"Europe"	"Greek"	
"0.028"	"LO000401F"	"SI000568T"	"206"	"206"	"DXS548 Dinucleotide Repeat (version 1)"	"Fragile X mental retardation 1"	"FMR1"	"growth factor"	"X"	"Xq27.3"	"PO000136K"	"SA000373N"	"126"	"Athens"	"Greeks"	"Europe"	"Greek"	
"0.028"	"LO000401F"	"SI000568T"	"192"	"192"	"DXS548 Dinucleotide Repeat (version 1)"	"Fragile X mental retardation 1"	"FMR1"	"growth factor"	"X"	"Xq27.3"	"PO000136K"	"SA000373N"	"126"	"Athens"	"Greeks"	"Europe"	"Greek"	
"0.92"	"LO000403H"	"SI000371L"	"2"	"2"	"SNP8-CATS"	"Cathepsin S"	"CTSS"	"protease"	"1"	"q21"	"PO000010B"	"SA000197R"	"156"	"Japanese American, Southern California"	"Japanese"	"EastAsia"	"Japanese"	
"0.08"	"LO000403H"	"SI000371L"	"1"	"1"	"SNP8-CATS"	"Cathepsin S"	"CTSS"	"protease"	"1"	"q21"	"PO000010B"	"SA000197R"	"156"	"Japanese American, Southern California"	"Japanese"	"EastAsia"	"Japanese"	
"0.32"	"LO000403H"	"SI000372M"	"C"	"C"	"A521G"	"Cathepsin S"	"CTSS"	"protease"	"1"	"q21"	"PO000010B"	"SA000197R"	"156"	"Japanese American, Southern California"	"Japanese"	"EastAsia"	"Japanese"	
"0.68"	"LO000403H"	"SI000372M"	"T"	"T"	"A521G"	"Cathepsin S"	"CTSS"	"protease"	"1"	"q21"	"PO000010B"	"SA000197R"	"156"	"Japanese American, Southern California"	"Japanese"	"EastAsia"	"Japanese"	
"0.32"	"LO000403H"	"SI000374O"	"2"	"2"	"SNP11-CATS"	"Cathepsin S"	"CTSS"	"protease"	"1"	"q21"	"PO000010B"	"SA000197R"	"156"	"Japanese American, Southern California"	"Japanese"	"EastAsia"	"Japanese"	
"0.68"	"LO000403H"	"SI000374O"	"1"	"1"	"SNP11-CATS"	"Cathepsin S"	"CTSS"	"protease"	"1"	"q21"	"PO000010B"	"SA000197R"	"156"	"Japanese American, Southern California"	"Japanese"	"EastAsia"	"Japanese"	
"0.38"	"LO002753R"	"SI000365O"	"2"	"2"	"SNP2-ACE"	"Similar to peptidylprolyl isomerase A isoform 1"	"LOC342541"	"catalysor,isomerase"	"17"	"q23.3"	"PO000010B"	"SA000197R"	"156"	"Japanese American, Southern California"	"Japanese"	"EastAsia"	"Japanese"	
"0.62"	"LO002753R"	"SI000365O"	"1"	"1"	"SNP2-ACE"	"Similar to peptidylprolyl isomerase A isoform 1"	"LOC342541"	"catalysor,isomerase"	"17"	"q23.3"	"PO000010B"	"SA000197R"	"156"	"Japanese American, Southern California"	"Japanese"	"EastAsia"	"Japanese"	
"0.08"	"LO003075P"	"SI000249P"	"21 bp Deletion"	"-0"	"21bp Ins/Del"	"rs33972904  is intergenic between ADH1B and ADH1C"	"rs33972904"		"4"	"q21-q23"	"PO000020C"	"SA000020C"	"190"	"Mixed Europeans, Unrelated"	"Europeans, Mixed"	"Europe"	"French"	"English"
"0.97"	"LO003075P"	"SI000249P"	"21 bp Insertion"	"0"	"21bp Ins/Del"	"rs33972904  is intergenic between ADH1B and ADH1C"	"rs33972904"		"4"	"q21-q23"	"PO000005F"	"SA000005F"	"140"	"Biaka Pygmies"	"Biaka"	"Africa"	"yaka"	"French"
"0.96"	"LO003075P"	"SI000249P"	"21 bp Insertion"	"0"	"21bp Ins/Del"	"rs33972904  is intergenic between ADH1B and ADH1C"	"rs33972904"		"4"	"q21-q23"	"PO000008I"	"SA000047L"	"212"	"Druze, unrelated"	"Druze"	"Europe"	"Arabic"	
"0.04"	"LO003075P"	"SI000249P"	"21 bp Deletion"	"-0"	"21bp Ins/Del"	"rs33972904  is intergenic between ADH1B and ADH1C"	"rs33972904"		"4"	"q21-q23"	"PO000008I"	"SA000047L"	"212"	"Druze, unrelated"	"Druze"	"Europe"	"Arabic"	
"0.03"	"LO003075P"	"SI000249P"	"21 bp Deletion"	"-0"	"21bp Ins/Del"	"rs33972904  is intergenic between ADH1B and ADH1C"	"rs33972904"		"4"	"q21-q23"	"PO000005F"	"SA000005F"	"140"	"Biaka Pygmies"	"Biaka"	"Africa"	"yaka"	"French"
"0.92"	"LO003075P"	"SI000249P"	"21 bp Insertion"	"0"	"21bp Ins/Del"	"rs33972904  is intergenic between ADH1B and ADH1C"	"rs33972904"		"4"	"q21-q23"	"PO000020C"	"SA000020C"	"190"	"Mixed Europeans, Unrelated"	"Europeans, Mixed"	"Europe"	"French"	"English"
